ion      s     py     pz     px    dxy    dyz    dz2    dxz    dx2    tot
  1  0.000  0.000  0.003  0.000  0.000  0.000  0.000  0.000  0.000  0.003
  1  0.000  0.000  0.003  0.000  0.000  0.000  0.000  0.000  0.000  0.003
  1  0.000  0.000  0.003  0.000  0.000  0.000  0.000  0.000  0.000  0.003
  1  0.000  0.000  0.003  0.000  0.000  0.000  0.000  0.000  0.000  0.003
  1  0.000  0.000  0.003  0.000  0.000  0.000  0.000  0.000  0.000  0.003
  1  0.000  0.000  0.003  0.000  0.000  0.000  0.000  0.000  0.000  0.003
  1  0.000  0.000  0.003  0.000  0.000  0.000  0.000  0.000  0.000  0.003
  1  0.000  0.000  0.003  0.000  0.000  0.000  0.000  0.000  0.000  0.003
  1  0.000  0.000  0.003  0.000  0.000  0.000  0.000  0.000  0.000  0.003
  1  0.000  0.000  0.003  0.000  0.000  0.000  0.000  0.000  0.000  0.003
  1  0.000  0.000  0.003  0.000  0.000  0.000  0.000  0.000  0.000  0.003
  1  0.000  0.000  0.003  0.000  0.000  0.000  0.000  0.000  0.000  0.003
  1  0.000  0.000  0.003  0.000  0.000  0.000  0.000  0.000  0.000  0.003
  1  0.000  0.000  0.003  0.000  0.000  0.000  0.000  0.000  0.000  0.003
  1  0.000  0.000  0.003  0.000  0.000  0.000  0.000  0.000  0.000  0.003
  1  0.000  0.000  0.009  0.000  0.000  0.000  0.000  0.000  0.000  0.009
  1  0.000  0.000  0.000  0.000  0.000  0.000  0.000  0.000  0.000  0.000
  1  0.000  0.000  0.000  0.000  0.000  0.000  0.000  0.000  0.000  0.000
  1  0.000  0.000  0.000  0.000  0.000  0.000  0.000  0.000  0.000  0.000
  1  0.032  0.004  0.000  0.013  0.000  0.000  0.000  0.000  0.000  0.049
  1  0.000  0.000  0.014  0.000  0.000  0.000  0.000  0.000  0.000  0.014
  1  0.000  0.000  0.014  0.000  0.000  0.000  0.000  0.000  0.000  0.014
  1  0.000  0.000  0.015  0.000  0.000  0.000  0.000  0.000  0.000  0.015
  1  0.000  0.000  0.015  0.000  0.000  0.000  0.000  0.000  0.000  0.015
  1  0.000  0.000  0.016  0.000  0.000  0.000  0.000  0.000  0.000  0.016
  1  0.000  0.000  0.017  0.000  0.000  0.000  0.000  0.000  0.000  0.017
  1  0.000  0.000  0.018  0.000  0.000  0.000  0.000  0.000  0.000  0.018
  1  0.000  0.000  0.020  0.000  0.000  0.000  0.000  0.000  0.000  0.020
  1  0.000  0.000  0.023  0.000  0.000  0.000  0.000  0.000  0.000  0.023
  1  0.002  0.004  0.000  0.012  0.000  0.000  0.000  0.000  0.000  0.018
  1  0.002  0.004  0.000  0.012  0.000  0.000  0.000  0.000  0.000  0.018
  1  0.002  0.004  0.000  0.012  0.000  0.000  0.000  0.000  0.000  0.018
  1  0.002  0.004  0.000  0.012  0.000  0.000  0.000  0.000  0.000  0.018
  1  0.002  0.004  0.000  0.012  0.000  0.000  0.000  0.000  0.000  0.018
  1  0.002  0.004  0.000  0.012  0.000  0.000  0.000  0.000  0.000  0.018
  1  0.002  0.004  0.000  0.012  0.000  0.000  0.000  0.000  0.000  0.018
  1  0.002  0.004  0.000  0.012  0.000  0.000  0.000  0.000  0.000  0.018
  1  0.002  0.004  0.000  0.012  0.000  0.000  0.000  0.000  0.000  0.018
  1  0.002  0.004  0.000  0.013  0.000  0.000  0.000  0.000  0.000  0.019
  1  0.002  0.004  0.000  0.013  0.000  0.000  0.000  0.000  0.000  0.019
  1  0.002  0.004  0.000  0.013  0.000  0.000  0.000  0.000  0.000  0.019
  1  0.002  0.005  0.000  0.013  0.000  0.000  0.000  0.000  0.000  0.020
  1  0.002  0.005  0.002  0.013  0.000  0.000  0.000  0.000  0.000  0.022
  1  0.001  0.002  0.030  0.004  0.000  0.000  0.000  0.000  0.000  0.037
  1  0.000  0.000  0.042  0.001  0.000  0.000  0.000  0.000  0.000  0.043
  1  0.002  0.009  0.000  0.017  0.000  0.000  0.000  0.000  0.000  0.029
  1  0.002  0.012  0.000  0.008  0.000  0.000  0.000  0.000  0.000  0.022
  1  0.001  0.015  0.000  0.017  0.000  0.000  0.000  0.000  0.000  0.033
  1  0.001  0.019  0.000  0.018  0.000  0.000  0.000  0.000  0.000  0.038
  1  0.001  0.019  0.000  0.019  0.000  0.000  0.000  0.000  0.000  0.039
  1  0.000  0.020  0.000  0.025  0.000  0.000  0.000  0.000  0.000  0.045
  1  0.000  0.022  0.000  0.029  0.000  0.000  0.000  0.000  0.000  0.051
  1  0.000  0.028  0.000  0.032  0.000  0.000  0.000  0.000  0.000  0.060
  1  0.005  0.039  0.000  0.040  0.000  0.000  0.000  0.000  0.000  0.084
  1  0.022  0.053  0.000  0.063  0.000  0.000  0.000  0.000  0.000  0.137
  1  0.019  0.052  0.000  0.069  0.000  0.000  0.000  0.000  0.000  0.139
  1  0.017  0.054  0.000  0.069  0.000  0.000  0.000  0.000  0.000  0.141
  1  0.015  0.055  0.000  0.069  0.000  0.000  0.000  0.000  0.000  0.139
  1  0.013  0.059  0.000  0.068  0.000  0.000  0.000  0.000  0.000  0.140
  1  0.010  0.062  0.000  0.066  0.000  0.000  0.000  0.000  0.000  0.138
  1  0.002  0.113  0.000  0.111  0.000  0.000  0.000  0.000  0.000  0.226
  1  0.021  0.066  0.000  0.070  0.000  0.000  0.000  0.000  0.000  0.157
  1  0.035  0.077  0.000  0.081  0.000  0.000  0.000  0.000  0.000  0.194
  1  0.000  0.000  0.002  0.000  0.000  0.000  0.000  0.000  0.000  0.002
  1  0.000  0.000  0.000  0.000  0.000  0.000  0.000  0.000  0.000  0.001
  1  0.000  0.000  0.000  0.000  0.000  0.000  0.000  0.000  0.000  0.000
  1  0.000  0.000  0.000  0.000  0.000  0.000  0.000  0.000  0.000  0.000
  1  0.000  0.000  0.000  0.000  0.000  0.000  0.000  0.000  0.000  0.000
  1  0.000  0.000  0.000  0.000  0.000  0.000  0.000  0.000  0.000  0.000
  1  0.000  0.000  0.000  0.000  0.000  0.000  0.000  0.000  0.000  0.000
  1  0.000  0.000  0.000  0.000  0.000  0.000  0.000  0.000  0.000  0.000
  1  0.000  0.000  0.000  0.000  0.000  0.000  0.000  0.000  0.000  0.000
  1  0.000  0.000  0.000  0.000  0.000  0.000  0.000  0.000  0.000  0.000
  1  0.000  0.000  0.000  0.000  0.000  0.000  0.000  0.000  0.000  0.000
  1  0.000  0.000  0.000  0.000  0.000  0.000  0.000  0.000  0.000  0.000
  1  0.000  0.000  0.000  0.000  0.000  0.000  0.000  0.000  0.000  0.000
  1  0.000  0.000  0.003  0.000  0.000  0.000  0.000  0.000  0.000  0.003
  1  0.000  0.000  0.003  0.000  0.000  0.000  0.000  0.000  0.000  0.003
  1  0.000  0.000  0.003  0.000  0.000  0.000  0.000  0.000  0.000  0.003
  1  0.000  0.000  0.003  0.000  0.000  0.000  0.000  0.000  0.000  0.003
  1  0.000  0.000  0.003  0.000  0.000  0.000  0.000  0.000  0.000  0.003
  1  0.000  0.000  0.003  0.000  0.000  0.000  0.000  0.000  0.000  0.003
  1  0.000  0.000  0.003  0.000  0.000  0.000  0.000  0.000  0.000  0.003
  1  0.000  0.000  0.003  0.000  0.000  0.000  0.000  0.000  0.000  0.003
  1  0.000  0.000  0.003  0.000  0.000  0.000  0.000  0.000  0.000  0.003
  1  0.000  0.000  0.003  0.000  0.000  0.000  0.000  0.000  0.000  0.003
  1  0.000  0.000  0.003  0.000  0.000  0.000  0.000  0.000  0.000  0.003
  1  0.000  0.000  0.003  0.000  0.000  0.000  0.000  0.000  0.000  0.003
  1  0.000  0.000  0.003  0.000  0.000  0.000  0.000  0.000  0.000  0.003
  1  0.000  0.000  0.003  0.000  0.000  0.000  0.000  0.000  0.000  0.003
