ion      s     py     pz     px    dxy    dyz    dz2    dxz    dx2    tot
  1  0.010  0.000  0.000  0.000  0.000  0.000  0.000  0.000  0.000  0.010
  1  0.010  0.000  0.000  0.000  0.000  0.000  0.000  0.000  0.000  0.010
  1  0.010  0.000  0.000  0.000  0.000  0.000  0.000  0.000  0.000  0.010
  1  0.010  0.000  0.000  0.000  0.000  0.000  0.000  0.000  0.000  0.010
  1  0.010  0.000  0.000  0.000  0.000  0.000  0.000  0.000  0.000  0.010
  1  0.009  0.000  0.000  0.000  0.000  0.000  0.000  0.000  0.000  0.010
  1  0.009  0.000  0.000  0.001  0.000  0.000  0.000  0.000  0.000  0.010
  1  0.009  0.000  0.000  0.001  0.000  0.000  0.000  0.000  0.000  0.010
  1  0.009  0.000  0.000  0.001  0.000  0.000  0.000  0.000  0.000  0.010
  1  0.009  0.000  0.000  0.001  0.000  0.000  0.000  0.000  0.000  0.010
  1  0.009  0.000  0.000  0.001  0.000  0.000  0.000  0.000  0.000  0.010
  1  0.008  0.001  0.000  0.002  0.000  0.000  0.000  0.000  0.000  0.011
  1  0.008  0.001  0.000  0.002  0.000  0.000  0.000  0.000  0.000  0.011
  1  0.008  0.001  0.000  0.002  0.000  0.000  0.000  0.000  0.000  0.011
  1  0.007  0.001  0.000  0.003  0.000  0.000  0.000  0.000  0.000  0.011
  1  0.007  0.001  0.000  0.003  0.000  0.000  0.000  0.000  0.000  0.011
  1  0.007  0.001  0.000  0.004  0.000  0.000  0.000  0.000  0.000  0.012
  1  0.006  0.002  0.000  0.005  0.000  0.000  0.000  0.000  0.000  0.012
  1  0.000  0.000  0.276  0.000  0.000  0.000  0.000  0.000  0.000  0.276
  1  0.000  0.000  0.272  0.000  0.000  0.000  0.000  0.000  0.000  0.272
  1  0.000  0.000  0.267  0.000  0.000  0.000  0.000  0.000  0.000  0.267
  1  0.000  0.000  0.261  0.000  0.000  0.000  0.000  0.000  0.000  0.261
  1  0.000  0.000  0.255  0.000  0.000  0.000  0.000  0.000  0.000  0.255
  1  0.000  0.000  0.249  0.000  0.000  0.000  0.000  0.000  0.000  0.249
  1  0.000  0.000  0.244  0.000  0.000  0.000  0.000  0.000  0.000  0.244
  1  0.000  0.000  0.238  0.000  0.000  0.000  0.000  0.000  0.000  0.238
  1  0.000  0.000  0.233  0.000  0.000  0.000  0.000  0.000  0.000  0.233
  1  0.000  0.000  0.229  0.000  0.000  0.000  0.000  0.000  0.000  0.229
  1  0.000  0.000  0.226  0.000  0.000  0.000  0.000  0.000  0.000  0.226
  1  0.000  0.000  0.225  0.000  0.000  0.000  0.000  0.000  0.000  0.225
  1  0.000  0.000  0.225  0.000  0.000  0.000  0.000  0.000  0.000  0.225
  1  0.000  0.000  0.225  0.000  0.000  0.000  0.000  0.000  0.000  0.225
  1  0.000  0.000  0.225  0.000  0.000  0.000  0.000  0.000  0.000  0.225
  1  0.000  0.000  0.226  0.000  0.000  0.000  0.000  0.000  0.000  0.226
  1  0.000  0.000  0.226  0.000  0.000  0.000  0.000  0.000  0.000  0.226
  1  0.000  0.000  0.227  0.000  0.000  0.000  0.000  0.000  0.000  0.227
  1  0.000  0.000  0.228  0.000  0.000  0.000  0.000  0.000  0.000  0.228
  1  0.000  0.000  0.230  0.000  0.000  0.000  0.000  0.000  0.000  0.230
  1  0.000  0.000  0.231  0.000  0.000  0.000  0.000  0.000  0.000  0.231
  1  0.000  0.000  0.233  0.000  0.000  0.000  0.000  0.000  0.000  0.233
  1  0.000  0.000  0.235  0.000  0.000  0.000  0.000  0.000  0.000  0.235
  1  0.000  0.000  0.237  0.000  0.000  0.000  0.000  0.000  0.000  0.237
  1  0.000  0.000  0.239  0.000  0.000  0.000  0.000  0.000  0.000  0.239
  1  0.000  0.000  0.241  0.000  0.000  0.000  0.000  0.000  0.000  0.241
  1  0.000  0.000  0.244  0.000  0.000  0.000  0.000  0.000  0.000  0.244
  1  0.000  0.000  0.246  0.000  0.000  0.000  0.000  0.000  0.000  0.246
  1  0.000  0.000  0.249  0.000  0.000  0.000  0.000  0.000  0.000  0.249
  1  0.000  0.000  0.251  0.000  0.000  0.000  0.000  0.000  0.000  0.251
  1  0.000  0.000  0.253  0.000  0.000  0.000  0.000  0.000  0.000  0.253
  1  0.000  0.000  0.255  0.000  0.000  0.000  0.000  0.000  0.000  0.255
  1  0.000  0.000  0.257  0.000  0.000  0.000  0.000  0.000  0.000  0.257
  1  0.000  0.000  0.259  0.000  0.000  0.000  0.000  0.000  0.000  0.259
  1  0.000  0.000  0.260  0.000  0.000  0.000  0.000  0.000  0.000  0.260
  1  0.000  0.000  0.262  0.000  0.000  0.000  0.000  0.000  0.000  0.262
  1  0.000  0.000  0.262  0.000  0.000  0.000  0.000  0.000  0.000  0.262
  1  0.000  0.000  0.263  0.000  0.000  0.000  0.000  0.000  0.000  0.263
  1  0.000  0.000  0.264  0.000  0.000  0.000  0.000  0.000  0.000  0.264
  1  0.000  0.000  0.264  0.000  0.000  0.000  0.000  0.000  0.000  0.264
  1  0.000  0.000  0.263  0.000  0.000  0.000  0.000  0.000  0.000  0.263
  1  0.000  0.000  0.255  0.000  0.000  0.000  0.000  0.000  0.000  0.255
  1  0.000  0.000  0.255  0.000  0.000  0.000  0.000  0.000  0.000  0.255
  1  0.000  0.000  0.264  0.000  0.000  0.000  0.000  0.000  0.000  0.264
  1  0.000  0.000  0.266  0.000  0.000  0.000  0.000  0.000  0.000  0.266
  1  0.000  0.000  0.267  0.000  0.000  0.000  0.000  0.000  0.000  0.267
  1  0.000  0.000  0.269  0.000  0.000  0.000  0.000  0.000  0.000  0.269
  1  0.000  0.000  0.271  0.000  0.000  0.000  0.000  0.000  0.000  0.271
  1  0.000  0.000  0.273  0.000  0.000  0.000  0.000  0.000  0.000  0.273
  1  0.000  0.000  0.276  0.000  0.000  0.000  0.000  0.000  0.000  0.276
  1  0.000  0.000  0.278  0.000  0.000  0.000  0.000  0.000  0.000  0.278
  1  0.000  0.000  0.282  0.000  0.000  0.000  0.000  0.000  0.000  0.282
  1  0.000  0.000  0.285  0.000  0.000  0.000  0.000  0.000  0.000  0.285
  1  0.000  0.000  0.289  0.000  0.000  0.000  0.000  0.000  0.000  0.289
  1  0.000  0.000  0.293  0.000  0.000  0.000  0.000  0.000  0.000  0.293
  1  0.000  0.000  0.298  0.000  0.000  0.000  0.000  0.000  0.000  0.298
  1  0.007  0.003  0.000  0.001  0.000  0.000  0.000  0.000  0.000  0.012
  1  0.007  0.003  0.000  0.001  0.000  0.000  0.000  0.000  0.000  0.011
  1  0.008  0.003  0.000  0.001  0.000  0.000  0.000  0.000  0.000  0.011
  1  0.008  0.002  0.000  0.001  0.000  0.000  0.000  0.000  0.000  0.011
  1  0.008  0.002  0.000  0.001  0.000  0.000  0.000  0.000  0.000  0.011
  1  0.008  0.002  0.000  0.001  0.000  0.000  0.000  0.000  0.000  0.011
  1  0.009  0.001  0.000  0.001  0.000  0.000  0.000  0.000  0.000  0.010
  1  0.009  0.001  0.000  0.000  0.000  0.000  0.000  0.000  0.000  0.010
  1  0.009  0.001  0.000  0.000  0.000  0.000  0.000  0.000  0.000  0.010
  1  0.009  0.001  0.000  0.000  0.000  0.000  0.000  0.000  0.000  0.010
  1  0.009  0.000  0.000  0.000  0.000  0.000  0.000  0.000  0.000  0.010
  1  0.010  0.000  0.000  0.000  0.000  0.000  0.000  0.000  0.000  0.010
  1  0.010  0.000  0.000  0.000  0.000  0.000  0.000  0.000  0.000  0.010
  1  0.010  0.000  0.000  0.000  0.000  0.000  0.000  0.000  0.000  0.010
  1  0.010  0.000  0.000  0.000  0.000  0.000  0.000  0.000  0.000  0.010
  1  0.010  0.000  0.000  0.000  0.000  0.000  0.000  0.000  0.000  0.010
