ion      s     py     pz     px    dxy    dyz    dz2    dxz    dx2    tot
  1  0.000  0.000  0.000  0.000  0.000  0.000  0.000  0.000  0.000  0.000
  1  0.000  0.000  0.000  0.000  0.000  0.000  0.000  0.000  0.000  0.000
  1  0.000  0.000  0.000  0.000  0.000  0.000  0.000  0.000  0.000  0.000
  1  0.000  0.000  0.000  0.000  0.000  0.000  0.000  0.000  0.000  0.000
  1  0.000  0.000  0.000  0.000  0.000  0.000  0.000  0.000  0.000  0.000
  1  0.000  0.000  0.000  0.000  0.000  0.000  0.000  0.000  0.000  0.000
  1  0.000  0.000  0.000  0.000  0.000  0.000  0.000  0.000  0.000  0.000
  1  0.000  0.000  0.000  0.000  0.000  0.000  0.000  0.000  0.000  0.000
  1  0.000  0.000  0.000  0.000  0.000  0.000  0.000  0.000  0.000  0.000
  1  0.000  0.000  0.000  0.000  0.000  0.000  0.000  0.000  0.000  0.000
  1  0.000  0.000  0.000  0.000  0.000  0.000  0.000  0.000  0.000  0.000
  1  0.000  0.000  0.000  0.000  0.000  0.000  0.000  0.000  0.000  0.000
  1  0.000  0.000  0.000  0.000  0.000  0.000  0.000  0.000  0.000  0.000
  1  0.000  0.000  0.000  0.000  0.000  0.000  0.000  0.000  0.000  0.000
  1  0.000  0.000  0.000  0.000  0.000  0.000  0.000  0.000  0.000  0.000
  1  0.000  0.000  0.000  0.000  0.000  0.000  0.000  0.000  0.000  0.000
  1  0.000  0.000  0.163  0.000  0.000  0.000  0.000  0.000  0.000  0.163
  1  0.000  0.000  0.024  0.000  0.000  0.000  0.000  0.000  0.000  0.024
  1  0.000  0.000  0.016  0.000  0.000  0.000  0.000  0.000  0.000  0.016
  1  0.000  0.000  0.014  0.000  0.000  0.000  0.000  0.000  0.000  0.014
  1  0.159  0.015  0.000  0.045  0.000  0.000  0.000  0.000  0.000  0.219
  1  0.143  0.009  0.000  0.026  0.000  0.000  0.000  0.000  0.000  0.178
  1  0.034  0.000  0.000  0.000  0.000  0.000  0.000  0.000  0.000  0.034
  1  0.014  0.001  0.000  0.002  0.000  0.000  0.000  0.000  0.000  0.017
  1  0.009  0.001  0.000  0.004  0.000  0.000  0.000  0.000  0.000  0.014
  1  0.007  0.002  0.000  0.005  0.000  0.000  0.000  0.000  0.000  0.014
  1  0.006  0.002  0.000  0.007  0.000  0.000  0.000  0.000  0.000  0.015
  1  0.005  0.003  0.000  0.008  0.000  0.000  0.000  0.000  0.000  0.016
  1  0.004  0.003  0.000  0.009  0.000  0.000  0.000  0.000  0.000  0.017
  1  0.005  0.004  0.000  0.011  0.000  0.000  0.000  0.000  0.000  0.019
  1  0.005  0.004  0.000  0.011  0.000  0.000  0.000  0.000  0.000  0.019
  1  0.005  0.004  0.000  0.011  0.000  0.000  0.000  0.000  0.000  0.019
  1  0.004  0.004  0.000  0.011  0.000  0.000  0.000  0.000  0.000  0.019
  1  0.004  0.004  0.000  0.011  0.000  0.000  0.000  0.000  0.000  0.019
  1  0.004  0.004  0.000  0.011  0.000  0.000  0.000  0.000  0.000  0.019
  1  0.004  0.004  0.000  0.011  0.000  0.000  0.000  0.000  0.000  0.020
  1  0.004  0.005  0.000  0.012  0.000  0.000  0.000  0.000  0.000  0.020
  1  0.004  0.005  0.000  0.012  0.000  0.000  0.000  0.000  0.000  0.021
  1  0.004  0.005  0.000  0.012  0.000  0.000  0.000  0.000  0.000  0.021
  1  0.003  0.006  0.000  0.013  0.000  0.000  0.000  0.000  0.000  0.022
  1  0.003  0.007  0.000  0.013  0.000  0.000  0.000  0.000  0.000  0.023
  1  0.003  0.007  0.000  0.014  0.000  0.000  0.000  0.000  0.000  0.024
  1  0.003  0.008  0.000  0.014  0.000  0.000  0.000  0.000  0.000  0.025
  1  0.002  0.009  0.000  0.015  0.000  0.000  0.000  0.000  0.000  0.027
  1  0.002  0.010  0.000  0.017  0.000  0.000  0.000  0.000  0.000  0.029
  1  0.000  0.000  0.040  0.000  0.000  0.000  0.000  0.000  0.000  0.040
  1  0.000  0.000  0.036  0.000  0.000  0.000  0.000  0.000  0.000  0.036
  1  0.000  0.000  0.032  0.000  0.000  0.000  0.000  0.000  0.000  0.032
  1  0.000  0.000  0.028  0.000  0.000  0.000  0.000  0.000  0.000  0.028
  1  0.096  0.097  0.000  0.063  0.000  0.000  0.000  0.000  0.000  0.256
  1  0.087  0.101  0.000  0.066  0.000  0.000  0.000  0.000  0.000  0.255
  1  0.076  0.101  0.000  0.071  0.000  0.000  0.000  0.000  0.000  0.248
  1  0.061  0.089  0.000  0.075  0.000  0.000  0.000  0.000  0.000  0.224
  1  0.040  0.071  0.000  0.068  0.000  0.000  0.000  0.000  0.000  0.179
  1  0.001  0.033  0.000  0.036  0.000  0.000  0.000  0.000  0.000  0.069
  1  0.001  0.038  0.000  0.040  0.000  0.000  0.000  0.000  0.000  0.080
  1  0.003  0.042  0.000  0.044  0.000  0.000  0.000  0.000  0.000  0.089
  1  0.005  0.046  0.000  0.048  0.000  0.000  0.000  0.000  0.000  0.099
  1  0.007  0.053  0.000  0.054  0.000  0.000  0.000  0.000  0.000  0.115
  1  0.011  0.057  0.000  0.057  0.000  0.000  0.000  0.000  0.000  0.125
  1  0.020  0.009  0.000  0.008  0.000  0.000  0.000  0.000  0.000  0.037
  1  0.003  0.048  0.000  0.035  0.000  0.000  0.000  0.000  0.000  0.085
  1  0.000  0.032  0.000  0.019  0.000  0.000  0.000  0.000  0.000  0.052
  1  0.000  0.023  0.000  0.012  0.000  0.000  0.000  0.000  0.000  0.035
  1  0.001  0.017  0.000  0.008  0.000  0.000  0.000  0.000  0.000  0.026
  1  0.000  0.000  0.021  0.000  0.000  0.000  0.000  0.000  0.000  0.021
  1  0.000  0.000  0.023  0.000  0.000  0.000  0.000  0.000  0.000  0.023
  1  0.000  0.000  0.021  0.000  0.000  0.000  0.000  0.000  0.000  0.021
  1  0.000  0.000  0.018  0.000  0.000  0.000  0.000  0.000  0.000  0.018
  1  0.000  0.000  0.016  0.000  0.000  0.000  0.000  0.000  0.000  0.016
  1  0.000  0.000  0.015  0.000  0.000  0.000  0.000  0.000  0.000  0.015
  1  0.000  0.000  0.014  0.000  0.000  0.000  0.000  0.000  0.000  0.014
  1  0.000  0.000  0.013  0.000  0.000  0.000  0.000  0.000  0.000  0.013
  1  0.000  0.000  0.012  0.000  0.000  0.000  0.000  0.000  0.000  0.012
  1  0.000  0.000  0.012  0.000  0.000  0.000  0.000  0.000  0.000  0.012
  1  0.000  0.001  0.300  0.000  0.000  0.000  0.000  0.000  0.000  0.301
  1  0.000  0.000  0.000  0.000  0.000  0.000  0.000  0.000  0.000  0.000
  1  0.000  0.000  0.000  0.000  0.000  0.000  0.000  0.000  0.000  0.000
  1  0.000  0.000  0.000  0.000  0.000  0.000  0.000  0.000  0.000  0.000
  1  0.000  0.000  0.000  0.000  0.000  0.000  0.000  0.000  0.000  0.000
  1  0.000  0.000  0.000  0.000  0.000  0.000  0.000  0.000  0.000  0.000
  1  0.000  0.000  0.000  0.000  0.000  0.000  0.000  0.000  0.000  0.000
  1  0.000  0.000  0.000  0.000  0.000  0.000  0.000  0.000  0.000  0.000
  1  0.000  0.000  0.000  0.000  0.000  0.000  0.000  0.000  0.000  0.000
  1  0.000  0.000  0.000  0.000  0.000  0.000  0.000  0.000  0.000  0.000
  1  0.000  0.000  0.000  0.000  0.000  0.000  0.000  0.000  0.000  0.000
  1  0.000  0.000  0.000  0.000  0.000  0.000  0.000  0.000  0.000  0.000
  1  0.000  0.000  0.000  0.000  0.000  0.000  0.000  0.000  0.000  0.000
  1  0.000  0.000  0.000  0.000  0.000  0.000  0.000  0.000  0.000  0.000
  1  0.000  0.000  0.000  0.000  0.000  0.000  0.000  0.000  0.000  0.000
