ion      s     py     pz     px    dxy    dyz    dz2    dxz    dx2    tot
  1  0.000  0.000  0.216  0.000  0.000  0.000  0.000  0.000  0.000  0.216
  1  0.000  0.000  0.216  0.000  0.000  0.000  0.000  0.000  0.000  0.216
  1  0.000  0.000  0.216  0.000  0.000  0.000  0.000  0.000  0.000  0.216
  1  0.000  0.000  0.216  0.000  0.000  0.000  0.000  0.000  0.000  0.216
  1  0.000  0.000  0.216  0.000  0.000  0.000  0.000  0.000  0.000  0.216
  1  0.000  0.000  0.217  0.000  0.000  0.000  0.000  0.000  0.000  0.217
  1  0.000  0.000  0.217  0.000  0.000  0.000  0.000  0.000  0.000  0.217
  1  0.000  0.000  0.217  0.000  0.000  0.000  0.000  0.000  0.000  0.217
  1  0.000  0.000  0.218  0.000  0.000  0.000  0.000  0.000  0.000  0.218
  1  0.000  0.000  0.218  0.000  0.000  0.000  0.000  0.000  0.000  0.218
  1  0.000  0.000  0.219  0.000  0.000  0.000  0.000  0.000  0.000  0.219
  1  0.000  0.000  0.220  0.000  0.000  0.000  0.000  0.000  0.000  0.220
  1  0.000  0.000  0.221  0.000  0.000  0.000  0.000  0.000  0.000  0.221
  1  0.087  0.074  0.000  0.223  0.000  0.000  0.000  0.000  0.000  0.384
  1  0.095  0.071  0.000  0.214  0.000  0.000  0.000  0.000  0.000  0.381
  1  0.104  0.069  0.000  0.206  0.000  0.000  0.000  0.000  0.000  0.379
  1  0.112  0.066  0.000  0.198  0.000  0.000  0.000  0.000  0.000  0.376
  1  0.120  0.063  0.000  0.190  0.000  0.000  0.000  0.000  0.000  0.373
  1  0.128  0.061  0.000  0.182  0.000  0.000  0.000  0.000  0.000  0.370
  1  0.135  0.058  0.000  0.175  0.000  0.000  0.000  0.000  0.000  0.368
  1  0.142  0.056  0.000  0.168  0.000  0.000  0.000  0.000  0.000  0.365
  1  0.149  0.054  0.000  0.161  0.000  0.000  0.000  0.000  0.000  0.363
  1  0.155  0.051  0.000  0.154  0.000  0.000  0.000  0.000  0.000  0.360
  1  0.160  0.049  0.000  0.148  0.000  0.000  0.000  0.000  0.000  0.358
  1  0.164  0.048  0.000  0.143  0.000  0.000  0.000  0.000  0.000  0.355
  1  0.167  0.046  0.000  0.139  0.000  0.000  0.000  0.000  0.000  0.352
  1  0.167  0.045  0.000  0.136  0.000  0.000  0.000  0.000  0.000  0.349
  1  0.163  0.045  0.000  0.136  0.000  0.000  0.000  0.000  0.000  0.344
  1  0.150  0.047  0.000  0.142  0.000  0.000  0.000  0.000  0.000  0.339
  1  0.138  0.049  0.000  0.147  0.000  0.000  0.000  0.000  0.000  0.335
  1  0.138  0.049  0.000  0.147  0.000  0.000  0.000  0.000  0.000  0.335
  1  0.138  0.049  0.000  0.147  0.000  0.000  0.000  0.000  0.000  0.335
  1  0.138  0.049  0.000  0.147  0.000  0.000  0.000  0.000  0.000  0.335
  1  0.139  0.049  0.000  0.147  0.000  0.000  0.000  0.000  0.000  0.335
  1  0.139  0.049  0.000  0.147  0.000  0.000  0.000  0.000  0.000  0.335
  1  0.139  0.049  0.000  0.147  0.000  0.000  0.000  0.000  0.000  0.336
  1  0.139  0.049  0.000  0.147  0.000  0.000  0.000  0.000  0.000  0.336
  1  0.140  0.049  0.000  0.147  0.000  0.000  0.000  0.000  0.000  0.336
  1  0.140  0.049  0.000  0.147  0.000  0.000  0.000  0.000  0.000  0.337
  1  0.141  0.049  0.000  0.147  0.000  0.000  0.000  0.000  0.000  0.337
  1  0.142  0.049  0.000  0.147  0.000  0.000  0.000  0.000  0.000  0.338
  1  0.143  0.049  0.000  0.147  0.000  0.000  0.000  0.000  0.000  0.339
  1  0.144  0.049  0.000  0.146  0.000  0.000  0.000  0.000  0.000  0.339
  1  0.146  0.049  0.000  0.146  0.000  0.000  0.000  0.000  0.000  0.340
  1  0.147  0.049  0.000  0.145  0.000  0.000  0.000  0.000  0.000  0.341
  1  0.149  0.048  0.000  0.145  0.000  0.000  0.000  0.000  0.000  0.342
  1  0.152  0.048  0.000  0.144  0.000  0.000  0.000  0.000  0.000  0.344
  1  0.155  0.047  0.000  0.142  0.000  0.000  0.000  0.000  0.000  0.345
  1  0.159  0.047  0.000  0.141  0.000  0.000  0.000  0.000  0.000  0.347
  1  0.163  0.046  0.000  0.139  0.000  0.000  0.000  0.000  0.000  0.348
  1  0.169  0.046  0.000  0.136  0.000  0.000  0.000  0.000  0.000  0.351
  1  0.175  0.045  0.000  0.133  0.000  0.000  0.000  0.000  0.000  0.353
  1  0.183  0.044  0.000  0.128  0.000  0.000  0.000  0.000  0.000  0.356
  1  0.193  0.044  0.000  0.122  0.000  0.000  0.000  0.000  0.000  0.359
  1  0.204  0.044  0.000  0.115  0.000  0.000  0.000  0.000  0.000  0.362
  1  0.215  0.045  0.000  0.105  0.000  0.000  0.000  0.000  0.000  0.365
  1  0.227  0.047  0.000  0.094  0.000  0.000  0.000  0.000  0.000  0.368
  1  0.238  0.051  0.000  0.083  0.000  0.000  0.000  0.000  0.000  0.371
  1  0.246  0.055  0.000  0.071  0.000  0.000  0.000  0.000  0.000  0.372
  1  0.262  0.058  0.000  0.058  0.000  0.000  0.000  0.000  0.000  0.378
  1  0.262  0.058  0.000  0.058  0.000  0.000  0.000  0.000  0.000  0.378
  1  0.244  0.067  0.000  0.063  0.000  0.000  0.000  0.000  0.000  0.373
  1  0.236  0.073  0.000  0.064  0.000  0.000  0.000  0.000  0.000  0.374
  1  0.229  0.080  0.000  0.066  0.000  0.000  0.000  0.000  0.000  0.375
  1  0.221  0.087  0.000  0.068  0.000  0.000  0.000  0.000  0.000  0.376
  1  0.212  0.095  0.000  0.070  0.000  0.000  0.000  0.000  0.000  0.377
  1  0.204  0.102  0.000  0.072  0.000  0.000  0.000  0.000  0.000  0.378
  1  0.195  0.110  0.000  0.074  0.000  0.000  0.000  0.000  0.000  0.379
  1  0.186  0.118  0.000  0.076  0.000  0.000  0.000  0.000  0.000  0.380
  1  0.177  0.127  0.000  0.078  0.000  0.000  0.000  0.000  0.000  0.381
  1  0.167  0.135  0.000  0.080  0.000  0.000  0.000  0.000  0.000  0.383
  1  0.157  0.144  0.000  0.082  0.000  0.000  0.000  0.000  0.000  0.384
  1  0.147  0.153  0.000  0.085  0.000  0.000  0.000  0.000  0.000  0.385
  1  0.137  0.162  0.000  0.087  0.000  0.000  0.000  0.000  0.000  0.386
  1  0.127  0.172  0.000  0.089  0.000  0.000  0.000  0.000  0.000  0.387
  1  0.116  0.182  0.000  0.090  0.000  0.000  0.000  0.000  0.000  0.389
  1  0.106  0.192  0.000  0.092  0.000  0.000  0.000  0.000  0.000  0.390
  1  0.095  0.202  0.000  0.094  0.000  0.000  0.000  0.000  0.000  0.392
  1  0.000  0.000  0.221  0.000  0.000  0.000  0.000  0.000  0.000  0.221
  1  0.000  0.000  0.220  0.000  0.000  0.000  0.000  0.000  0.000  0.220
  1  0.000  0.000  0.219  0.000  0.000  0.000  0.000  0.000  0.000  0.219
  1  0.000  0.000  0.219  0.000  0.000  0.000  0.000  0.000  0.000  0.219
  1  0.000  0.000  0.218  0.000  0.000  0.000  0.000  0.000  0.000  0.218
  1  0.000  0.000  0.217  0.000  0.000  0.000  0.000  0.000  0.000  0.217
  1  0.000  0.000  0.217  0.000  0.000  0.000  0.000  0.000  0.000  0.217
  1  0.000  0.000  0.217  0.000  0.000  0.000  0.000  0.000  0.000  0.217
  1  0.000  0.000  0.216  0.000  0.000  0.000  0.000  0.000  0.000  0.216
  1  0.000  0.000  0.216  0.000  0.000  0.000  0.000  0.000  0.000  0.216
  1  0.000  0.000  0.216  0.000  0.000  0.000  0.000  0.000  0.000  0.216
  1  0.000  0.000  0.216  0.000  0.000  0.000  0.000  0.000  0.000  0.216
