ion      s     py     pz     px    dxy    dyz    dz2    dxz    dx2    tot
  2  0.000  0.000  0.009  0.000  0.000  0.000  0.000  0.000  0.000  0.009
  2  0.000  0.000  0.009  0.000  0.000  0.000  0.000  0.000  0.000  0.009
  2  0.000  0.000  0.009  0.000  0.000  0.000  0.000  0.000  0.000  0.009
  2  0.000  0.000  0.009  0.000  0.000  0.000  0.000  0.000  0.000  0.009
  2  0.000  0.000  0.009  0.000  0.000  0.000  0.000  0.000  0.000  0.009
  2  0.000  0.000  0.009  0.000  0.000  0.000  0.000  0.000  0.000  0.009
  2  0.000  0.000  0.010  0.000  0.000  0.000  0.000  0.000  0.000  0.010
  2  0.000  0.000  0.010  0.000  0.000  0.000  0.000  0.000  0.000  0.010
  2  0.000  0.000  0.010  0.000  0.000  0.000  0.000  0.000  0.000  0.010
  2  0.000  0.000  0.010  0.000  0.000  0.000  0.000  0.000  0.000  0.010
  2  0.000  0.000  0.010  0.000  0.000  0.000  0.000  0.000  0.000  0.010
  2  0.000  0.000  0.010  0.000  0.000  0.000  0.000  0.000  0.000  0.010
  2  0.000  0.000  0.010  0.000  0.000  0.000  0.000  0.000  0.000  0.010
  2  0.000  0.000  0.011  0.000  0.000  0.000  0.000  0.000  0.000  0.011
  2  0.000  0.000  0.012  0.000  0.000  0.000  0.000  0.000  0.000  0.012
  2  0.000  0.000  0.018  0.000  0.000  0.000  0.000  0.000  0.000  0.018
  2  0.000  0.000  0.129  0.000  0.000  0.000  0.000  0.000  0.000  0.129
  2  0.000  0.000  0.272  0.000  0.000  0.000  0.000  0.000  0.000  0.272
  2  0.006  0.002  0.000  0.006  0.000  0.000  0.000  0.000  0.000  0.013
  2  0.005  0.002  0.000  0.007  0.000  0.000  0.000  0.000  0.000  0.015
  2  0.006  0.004  0.000  0.011  0.000  0.000  0.000  0.000  0.000  0.021
  2  0.028  0.008  0.000  0.025  0.000  0.000  0.000  0.000  0.000  0.062
  2  0.142  0.016  0.000  0.047  0.000  0.000  0.000  0.000  0.000  0.205
  2  0.167  0.014  0.000  0.042  0.000  0.000  0.000  0.000  0.000  0.223
  2  0.174  0.013  0.000  0.038  0.000  0.000  0.000  0.000  0.000  0.225
  2  0.179  0.012  0.000  0.035  0.000  0.000  0.000  0.000  0.000  0.226
  2  0.182  0.011  0.000  0.033  0.000  0.000  0.000  0.000  0.000  0.226
  2  0.184  0.011  0.000  0.032  0.000  0.000  0.000  0.000  0.000  0.226
  2  0.185  0.010  0.000  0.031  0.000  0.000  0.000  0.000  0.000  0.226
  2  0.185  0.010  0.000  0.030  0.000  0.000  0.000  0.000  0.000  0.225
  2  0.185  0.010  0.000  0.030  0.000  0.000  0.000  0.000  0.000  0.225
  2  0.185  0.011  0.000  0.030  0.000  0.000  0.000  0.000  0.000  0.226
  2  0.183  0.012  0.000  0.031  0.000  0.000  0.000  0.000  0.000  0.226
  2  0.182  0.014  0.000  0.031  0.000  0.000  0.000  0.000  0.000  0.227
  2  0.179  0.017  0.000  0.032  0.000  0.000  0.000  0.000  0.000  0.228
  2  0.176  0.020  0.000  0.033  0.000  0.000  0.000  0.000  0.000  0.230
  2  0.172  0.024  0.000  0.035  0.000  0.000  0.000  0.000  0.000  0.231
  2  0.168  0.029  0.000  0.036  0.000  0.000  0.000  0.000  0.000  0.233
  2  0.163  0.034  0.000  0.038  0.000  0.000  0.000  0.000  0.000  0.235
  2  0.158  0.039  0.000  0.039  0.000  0.000  0.000  0.000  0.000  0.237
  2  0.153  0.045  0.000  0.041  0.000  0.000  0.000  0.000  0.000  0.239
  2  0.148  0.051  0.000  0.043  0.000  0.000  0.000  0.000  0.000  0.242
  2  0.142  0.057  0.000  0.045  0.000  0.000  0.000  0.000  0.000  0.244
  2  0.136  0.063  0.000  0.047  0.000  0.000  0.000  0.000  0.000  0.246
  2  0.130  0.069  0.000  0.050  0.000  0.000  0.000  0.000  0.000  0.248
  2  0.124  0.075  0.000  0.052  0.000  0.000  0.000  0.000  0.000  0.250
  2  0.117  0.081  0.000  0.054  0.000  0.000  0.000  0.000  0.000  0.252
  2  0.111  0.086  0.000  0.057  0.000  0.000  0.000  0.000  0.000  0.254
  2  0.104  0.092  0.000  0.060  0.000  0.000  0.000  0.000  0.000  0.255
  2  0.000  0.000  0.024  0.000  0.000  0.000  0.000  0.000  0.000  0.024
  2  0.000  0.000  0.020  0.000  0.000  0.000  0.000  0.000  0.000  0.020
  2  0.000  0.000  0.016  0.000  0.000  0.000  0.000  0.000  0.000  0.016
  2  0.000  0.000  0.012  0.000  0.000  0.000  0.000  0.000  0.000  0.012
  2  0.000  0.000  0.009  0.000  0.000  0.000  0.000  0.000  0.000  0.009
  2  0.000  0.000  0.006  0.000  0.000  0.000  0.000  0.000  0.000  0.006
  2  0.000  0.000  0.004  0.000  0.000  0.000  0.000  0.000  0.000  0.004
  2  0.000  0.000  0.002  0.000  0.000  0.000  0.000  0.000  0.000  0.002
  2  0.000  0.000  0.001  0.000  0.000  0.000  0.000  0.000  0.000  0.001
  2  0.000  0.000  0.000  0.000  0.000  0.000  0.000  0.000  0.000  0.000
  2  0.000  0.000  0.000  0.000  0.000  0.000  0.000  0.000  0.000  0.000
  2  0.000  0.000  0.000  0.000  0.000  0.000  0.000  0.000  0.000  0.000
  2  0.000  0.000  0.001  0.000  0.000  0.000  0.000  0.000  0.000  0.001
  2  0.000  0.000  0.004  0.000  0.000  0.000  0.000  0.000  0.000  0.004
  2  0.000  0.000  0.009  0.000  0.000  0.000  0.000  0.000  0.000  0.009
  2  0.000  0.000  0.015  0.000  0.000  0.000  0.000  0.000  0.000  0.015
  2  0.002  0.013  0.000  0.006  0.000  0.000  0.000  0.000  0.000  0.021
  2  0.003  0.011  0.000  0.005  0.000  0.000  0.000  0.000  0.000  0.018
  2  0.004  0.009  0.000  0.004  0.000  0.000  0.000  0.000  0.000  0.016
  2  0.004  0.008  0.000  0.003  0.000  0.000  0.000  0.000  0.000  0.015
  2  0.005  0.007  0.000  0.003  0.000  0.000  0.000  0.000  0.000  0.014
  2  0.005  0.006  0.000  0.002  0.000  0.000  0.000  0.000  0.000  0.013
  2  0.006  0.005  0.000  0.002  0.000  0.000  0.000  0.000  0.000  0.013
  2  0.006  0.004  0.000  0.002  0.000  0.000  0.000  0.000  0.000  0.012
  2  0.007  0.004  0.000  0.002  0.000  0.000  0.000  0.000  0.000  0.012
  2  0.000  0.000  0.303  0.000  0.000  0.000  0.000  0.000  0.000  0.303
  2  0.000  0.000  0.011  0.000  0.000  0.000  0.000  0.000  0.000  0.011
  2  0.000  0.000  0.011  0.000  0.000  0.000  0.000  0.000  0.000  0.011
  2  0.000  0.000  0.011  0.000  0.000  0.000  0.000  0.000  0.000  0.011
  2  0.000  0.000  0.010  0.000  0.000  0.000  0.000  0.000  0.000  0.010
  2  0.000  0.000  0.010  0.000  0.000  0.000  0.000  0.000  0.000  0.010
  2  0.000  0.000  0.010  0.000  0.000  0.000  0.000  0.000  0.000  0.010
  2  0.000  0.000  0.010  0.000  0.000  0.000  0.000  0.000  0.000  0.010
  2  0.000  0.000  0.010  0.000  0.000  0.000  0.000  0.000  0.000  0.010
  2  0.000  0.000  0.010  0.000  0.000  0.000  0.000  0.000  0.000  0.010
  2  0.000  0.000  0.010  0.000  0.000  0.000  0.000  0.000  0.000  0.010
  2  0.000  0.000  0.009  0.000  0.000  0.000  0.000  0.000  0.000  0.009
  2  0.000  0.000  0.009  0.000  0.000  0.000  0.000  0.000  0.000  0.009
  2  0.000  0.000  0.009  0.000  0.000  0.000  0.000  0.000  0.000  0.009
  2  0.000  0.000  0.009  0.000  0.000  0.000  0.000  0.000  0.000  0.009
  2  0.000  0.000  0.009  0.000  0.000  0.000  0.000  0.000  0.000  0.009
