ion      s     py     pz     px    dxy    dyz    dz2    dxz    dx2    tot
  2  0.324  0.000  0.000  0.000  0.000  0.000  0.000  0.000  0.000  0.324
  2  0.324  0.000  0.000  0.000  0.000  0.000  0.000  0.000  0.000  0.324
  2  0.323  0.000  0.000  0.000  0.000  0.000  0.000  0.000  0.000  0.324
  2  0.323  0.000  0.000  0.001  0.000  0.000  0.000  0.000  0.000  0.324
  2  0.322  0.001  0.000  0.002  0.000  0.000  0.000  0.000  0.000  0.324
  2  0.321  0.001  0.000  0.003  0.000  0.000  0.000  0.000  0.000  0.325
  2  0.320  0.001  0.000  0.004  0.000  0.000  0.000  0.000  0.000  0.325
  2  0.318  0.002  0.000  0.005  0.000  0.000  0.000  0.000  0.000  0.325
  2  0.316  0.002  0.000  0.007  0.000  0.000  0.000  0.000  0.000  0.326
  2  0.314  0.003  0.000  0.009  0.000  0.000  0.000  0.000  0.000  0.327
  2  0.312  0.004  0.000  0.011  0.000  0.000  0.000  0.000  0.000  0.327
  2  0.310  0.004  0.000  0.013  0.000  0.000  0.000  0.000  0.000  0.328
  2  0.308  0.005  0.000  0.016  0.000  0.000  0.000  0.000  0.000  0.329
  2  0.305  0.006  0.000  0.019  0.000  0.000  0.000  0.000  0.000  0.330
  2  0.302  0.007  0.000  0.022  0.000  0.000  0.000  0.000  0.000  0.331
  2  0.299  0.008  0.000  0.025  0.000  0.000  0.000  0.000  0.000  0.332
  2  0.296  0.009  0.000  0.028  0.000  0.000  0.000  0.000  0.000  0.333
  2  0.292  0.010  0.000  0.031  0.000  0.000  0.000  0.000  0.000  0.334
  2  0.289  0.012  0.000  0.035  0.000  0.000  0.000  0.000  0.000  0.335
  2  0.285  0.013  0.000  0.038  0.000  0.000  0.000  0.000  0.000  0.337
  2  0.282  0.014  0.000  0.042  0.000  0.000  0.000  0.000  0.000  0.338
  2  0.278  0.015  0.000  0.046  0.000  0.000  0.000  0.000  0.000  0.340
  2  0.275  0.017  0.000  0.050  0.000  0.000  0.000  0.000  0.000  0.341
  2  0.272  0.018  0.000  0.053  0.000  0.000  0.000  0.000  0.000  0.343
  2  0.270  0.019  0.000  0.057  0.000  0.000  0.000  0.000  0.000  0.346
  2  0.269  0.020  0.000  0.059  0.000  0.000  0.000  0.000  0.000  0.348
  2  0.270  0.020  0.000  0.061  0.000  0.000  0.000  0.000  0.000  0.351
  2  0.276  0.020  0.000  0.060  0.000  0.000  0.000  0.000  0.000  0.355
  2  0.289  0.018  0.000  0.054  0.000  0.000  0.000  0.000  0.000  0.360
  2  0.301  0.016  0.000  0.048  0.000  0.000  0.000  0.000  0.000  0.364
  2  0.301  0.016  0.000  0.048  0.000  0.000  0.000  0.000  0.000  0.364
  2  0.301  0.016  0.000  0.048  0.000  0.000  0.000  0.000  0.000  0.364
  2  0.300  0.016  0.000  0.048  0.000  0.000  0.000  0.000  0.000  0.364
  2  0.300  0.016  0.000  0.048  0.000  0.000  0.000  0.000  0.000  0.364
  2  0.300  0.017  0.000  0.048  0.000  0.000  0.000  0.000  0.000  0.364
  2  0.299  0.017  0.000  0.048  0.000  0.000  0.000  0.000  0.000  0.365
  2  0.298  0.018  0.000  0.048  0.000  0.000  0.000  0.000  0.000  0.365
  2  0.298  0.019  0.000  0.049  0.000  0.000  0.000  0.000  0.000  0.365
  2  0.297  0.019  0.000  0.049  0.000  0.000  0.000  0.000  0.000  0.365
  2  0.296  0.020  0.000  0.049  0.000  0.000  0.000  0.000  0.000  0.365
  2  0.295  0.021  0.000  0.049  0.000  0.000  0.000  0.000  0.000  0.365
  2  0.293  0.023  0.000  0.050  0.000  0.000  0.000  0.000  0.000  0.366
  2  0.292  0.024  0.000  0.050  0.000  0.000  0.000  0.000  0.000  0.366
  2  0.290  0.025  0.000  0.051  0.000  0.000  0.000  0.000  0.000  0.366
  2  0.289  0.027  0.000  0.051  0.000  0.000  0.000  0.000  0.000  0.366
  2  0.287  0.028  0.000  0.051  0.000  0.000  0.000  0.000  0.000  0.367
  2  0.285  0.030  0.000  0.052  0.000  0.000  0.000  0.000  0.000  0.367
  2  0.283  0.032  0.000  0.052  0.000  0.000  0.000  0.000  0.000  0.367
  2  0.281  0.034  0.000  0.053  0.000  0.000  0.000  0.000  0.000  0.368
  2  0.279  0.036  0.000  0.054  0.000  0.000  0.000  0.000  0.000  0.368
  2  0.276  0.038  0.000  0.054  0.000  0.000  0.000  0.000  0.000  0.368
  2  0.274  0.040  0.000  0.055  0.000  0.000  0.000  0.000  0.000  0.369
  2  0.271  0.042  0.000  0.056  0.000  0.000  0.000  0.000  0.000  0.369
  2  0.269  0.045  0.000  0.056  0.000  0.000  0.000  0.000  0.000  0.370
  2  0.266  0.047  0.000  0.057  0.000  0.000  0.000  0.000  0.000  0.370
  2  0.263  0.050  0.000  0.058  0.000  0.000  0.000  0.000  0.000  0.370
  2  0.260  0.052  0.000  0.058  0.000  0.000  0.000  0.000  0.000  0.371
  2  0.257  0.055  0.000  0.059  0.000  0.000  0.000  0.000  0.000  0.371
  2  0.254  0.058  0.000  0.060  0.000  0.000  0.000  0.000  0.000  0.372
  2  0.262  0.058  0.000  0.058  0.000  0.000  0.000  0.000  0.000  0.378
  2  0.262  0.058  0.000  0.058  0.000  0.000  0.000  0.000  0.000  0.378
  2  0.253  0.070  0.000  0.046  0.000  0.000  0.000  0.000  0.000  0.370
  2  0.252  0.075  0.000  0.038  0.000  0.000  0.000  0.000  0.000  0.366
  2  0.251  0.077  0.000  0.033  0.000  0.000  0.000  0.000  0.000  0.361
  2  0.252  0.075  0.000  0.030  0.000  0.000  0.000  0.000  0.000  0.357
  2  0.254  0.073  0.000  0.027  0.000  0.000  0.000  0.000  0.000  0.354
  2  0.257  0.069  0.000  0.025  0.000  0.000  0.000  0.000  0.000  0.351
  2  0.261  0.064  0.000  0.023  0.000  0.000  0.000  0.000  0.000  0.348
  2  0.265  0.060  0.000  0.021  0.000  0.000  0.000  0.000  0.000  0.346
  2  0.269  0.055  0.000  0.019  0.000  0.000  0.000  0.000  0.000  0.343
  2  0.274  0.050  0.000  0.017  0.000  0.000  0.000  0.000  0.000  0.341
  2  0.278  0.046  0.000  0.015  0.000  0.000  0.000  0.000  0.000  0.339
  2  0.283  0.041  0.000  0.014  0.000  0.000  0.000  0.000  0.000  0.338
  2  0.287  0.037  0.000  0.012  0.000  0.000  0.000  0.000  0.000  0.336
  2  0.291  0.032  0.000  0.011  0.000  0.000  0.000  0.000  0.000  0.335
  2  0.295  0.028  0.000  0.010  0.000  0.000  0.000  0.000  0.000  0.333
  2  0.299  0.025  0.000  0.008  0.000  0.000  0.000  0.000  0.000  0.332
  2  0.302  0.021  0.000  0.007  0.000  0.000  0.000  0.000  0.000  0.331
  2  0.306  0.018  0.000  0.006  0.000  0.000  0.000  0.000  0.000  0.329
  2  0.309  0.015  0.000  0.005  0.000  0.000  0.000  0.000  0.000  0.328
  2  0.312  0.012  0.000  0.004  0.000  0.000  0.000  0.000  0.000  0.328
  2  0.314  0.010  0.000  0.003  0.000  0.000  0.000  0.000  0.000  0.327
  2  0.316  0.007  0.000  0.002  0.000  0.000  0.000  0.000  0.000  0.326
  2  0.318  0.005  0.000  0.002  0.000  0.000  0.000  0.000  0.000  0.325
  2  0.320  0.004  0.000  0.001  0.000  0.000  0.000  0.000  0.000  0.325
  2  0.321  0.002  0.000  0.001  0.000  0.000  0.000  0.000  0.000  0.324
  2  0.322  0.001  0.000  0.000  0.000  0.000  0.000  0.000  0.000  0.324
  2  0.323  0.001  0.000  0.000  0.000  0.000  0.000  0.000  0.000  0.324
  2  0.323  0.000  0.000  0.000  0.000  0.000  0.000  0.000  0.000  0.324
  2  0.324  0.000  0.000  0.000  0.000  0.000  0.000  0.000  0.000  0.324
