ion      s     py     pz     px    dxy    dyz    dz2    dxz    dx2    tot
  2  0.000  0.027  0.000  0.386  0.000  0.000  0.000  0.000  0.000  0.414
  2  0.001  0.103  0.000  0.310  0.000  0.000  0.000  0.000  0.000  0.413
  2  0.003  0.102  0.000  0.307  0.000  0.000  0.000  0.000  0.000  0.412
  2  0.008  0.101  0.000  0.303  0.000  0.000  0.000  0.000  0.000  0.411
  2  0.013  0.099  0.000  0.297  0.000  0.000  0.000  0.000  0.000  0.409
  2  0.020  0.097  0.000  0.291  0.000  0.000  0.000  0.000  0.000  0.407
  2  0.027  0.094  0.000  0.283  0.000  0.000  0.000  0.000  0.000  0.405
  2  0.035  0.092  0.000  0.275  0.000  0.000  0.000  0.000  0.000  0.402
  2  0.043  0.089  0.000  0.267  0.000  0.000  0.000  0.000  0.000  0.399
  2  0.052  0.086  0.000  0.258  0.000  0.000  0.000  0.000  0.000  0.396
  2  0.061  0.083  0.000  0.249  0.000  0.000  0.000  0.000  0.000  0.393
  2  0.070  0.080  0.000  0.240  0.000  0.000  0.000  0.000  0.000  0.390
  2  0.078  0.077  0.000  0.232  0.000  0.000  0.000  0.000  0.000  0.387
  2  0.000  0.000  0.221  0.000  0.000  0.000  0.000  0.000  0.000  0.221
  2  0.000  0.000  0.223  0.000  0.000  0.000  0.000  0.000  0.000  0.223
  2  0.000  0.000  0.224  0.000  0.000  0.000  0.000  0.000  0.000  0.224
  2  0.000  0.000  0.225  0.000  0.000  0.000  0.000  0.000  0.000  0.225
  2  0.000  0.297  0.000  0.099  0.000  0.000  0.000  0.000  0.000  0.396
  2  0.000  0.297  0.000  0.099  0.000  0.000  0.000  0.000  0.000  0.395
  2  0.000  0.296  0.000  0.099  0.000  0.000  0.000  0.000  0.000  0.395
  2  0.000  0.296  0.000  0.099  0.000  0.000  0.000  0.000  0.000  0.395
  2  0.000  0.296  0.000  0.099  0.000  0.000  0.000  0.000  0.000  0.395
  2  0.000  0.296  0.000  0.099  0.000  0.000  0.000  0.000  0.000  0.394
  2  0.000  0.296  0.000  0.099  0.000  0.000  0.000  0.000  0.000  0.394
  2  0.000  0.295  0.000  0.098  0.000  0.000  0.000  0.000  0.000  0.394
  2  0.000  0.295  0.000  0.098  0.000  0.000  0.000  0.000  0.000  0.394
  2  0.000  0.295  0.000  0.098  0.000  0.000  0.000  0.000  0.000  0.394
  2  0.000  0.295  0.000  0.098  0.000  0.000  0.000  0.000  0.000  0.394
  2  0.000  0.295  0.000  0.098  0.000  0.000  0.000  0.000  0.000  0.394
  2  0.000  0.295  0.000  0.098  0.000  0.000  0.000  0.000  0.000  0.394
  2  0.000  0.295  0.000  0.098  0.000  0.000  0.000  0.000  0.000  0.394
  2  0.000  0.295  0.000  0.098  0.000  0.000  0.000  0.000  0.000  0.394
  2  0.001  0.294  0.000  0.098  0.000  0.000  0.000  0.000  0.000  0.393
  2  0.003  0.292  0.000  0.098  0.000  0.000  0.000  0.000  0.000  0.392
  2  0.005  0.289  0.000  0.097  0.000  0.000  0.000  0.000  0.000  0.391
  2  0.008  0.286  0.000  0.096  0.000  0.000  0.000  0.000  0.000  0.389
  2  0.011  0.282  0.000  0.095  0.000  0.000  0.000  0.000  0.000  0.388
  2  0.014  0.277  0.000  0.094  0.000  0.000  0.000  0.000  0.000  0.386
  2  0.018  0.273  0.000  0.093  0.000  0.000  0.000  0.000  0.000  0.384
  2  0.021  0.268  0.000  0.092  0.000  0.000  0.000  0.000  0.000  0.381
  2  0.025  0.263  0.000  0.091  0.000  0.000  0.000  0.000  0.000  0.379
  2  0.029  0.257  0.000  0.090  0.000  0.000  0.000  0.000  0.000  0.377
  2  0.033  0.252  0.000  0.089  0.000  0.000  0.000  0.000  0.000  0.374
  2  0.036  0.247  0.000  0.088  0.000  0.000  0.000  0.000  0.000  0.371
  2  0.039  0.242  0.000  0.088  0.000  0.000  0.000  0.000  0.000  0.369
  2  0.042  0.237  0.000  0.087  0.000  0.000  0.000  0.000  0.000  0.366
  2  0.045  0.232  0.000  0.087  0.000  0.000  0.000  0.000  0.000  0.363
  2  0.046  0.227  0.000  0.087  0.000  0.000  0.000  0.000  0.000  0.360
  2  0.047  0.222  0.000  0.088  0.000  0.000  0.000  0.000  0.000  0.357
  2  0.047  0.218  0.000  0.089  0.000  0.000  0.000  0.000  0.000  0.354
  2  0.046  0.214  0.000  0.091  0.000  0.000  0.000  0.000  0.000  0.351
  2  0.044  0.210  0.000  0.093  0.000  0.000  0.000  0.000  0.000  0.347
  2  0.041  0.206  0.000  0.097  0.000  0.000  0.000  0.000  0.000  0.344
  2  0.035  0.202  0.000  0.102  0.000  0.000  0.000  0.000  0.000  0.340
  2  0.029  0.198  0.000  0.109  0.000  0.000  0.000  0.000  0.000  0.335
  2  0.021  0.192  0.000  0.118  0.000  0.000  0.000  0.000  0.000  0.331
  2  0.013  0.186  0.000  0.129  0.000  0.000  0.000  0.000  0.000  0.327
  2  0.006  0.179  0.000  0.140  0.000  0.000  0.000  0.000  0.000  0.324
  2  0.001  0.170  0.000  0.151  0.000  0.000  0.000  0.000  0.000  0.323
  2  0.000  0.161  0.000  0.161  0.000  0.000  0.000  0.000  0.000  0.322
  2  0.000  0.161  0.000  0.161  0.000  0.000  0.000  0.000  0.000  0.322
  2  0.004  0.145  0.000  0.175  0.000  0.000  0.000  0.000  0.000  0.324
  2  0.011  0.133  0.000  0.184  0.000  0.000  0.000  0.000  0.000  0.327
  2  0.017  0.126  0.000  0.189  0.000  0.000  0.000  0.000  0.000  0.331
  2  0.021  0.121  0.000  0.193  0.000  0.000  0.000  0.000  0.000  0.335
  2  0.024  0.119  0.000  0.196  0.000  0.000  0.000  0.000  0.000  0.339
  2  0.025  0.117  0.000  0.200  0.000  0.000  0.000  0.000  0.000  0.342
  2  0.025  0.117  0.000  0.204  0.000  0.000  0.000  0.000  0.000  0.346
  2  0.025  0.117  0.000  0.207  0.000  0.000  0.000  0.000  0.000  0.349
  2  0.024  0.118  0.000  0.212  0.000  0.000  0.000  0.000  0.000  0.353
  2  0.022  0.118  0.000  0.216  0.000  0.000  0.000  0.000  0.000  0.356
  2  0.020  0.119  0.000  0.221  0.000  0.000  0.000  0.000  0.000  0.360
  2  0.018  0.120  0.000  0.226  0.000  0.000  0.000  0.000  0.000  0.363
  2  0.016  0.120  0.000  0.231  0.000  0.000  0.000  0.000  0.000  0.367
  2  0.014  0.121  0.000  0.236  0.000  0.000  0.000  0.000  0.000  0.371
  2  0.012  0.121  0.000  0.242  0.000  0.000  0.000  0.000  0.000  0.375
  2  0.010  0.121  0.000  0.248  0.000  0.000  0.000  0.000  0.000  0.379
  2  0.000  0.000  0.222  0.000  0.000  0.000  0.000  0.000  0.000  0.222
  2  0.085  0.213  0.000  0.096  0.000  0.000  0.000  0.000  0.000  0.393
  2  0.074  0.224  0.000  0.097  0.000  0.000  0.000  0.000  0.000  0.395
  2  0.064  0.235  0.000  0.099  0.000  0.000  0.000  0.000  0.000  0.397
  2  0.054  0.246  0.000  0.100  0.000  0.000  0.000  0.000  0.000  0.399
  2  0.044  0.257  0.000  0.101  0.000  0.000  0.000  0.000  0.000  0.402
  2  0.034  0.268  0.000  0.102  0.000  0.000  0.000  0.000  0.000  0.404
  2  0.025  0.279  0.000  0.102  0.000  0.000  0.000  0.000  0.000  0.406
  2  0.017  0.289  0.000  0.103  0.000  0.000  0.000  0.000  0.000  0.408
  2  0.010  0.297  0.000  0.103  0.000  0.000  0.000  0.000  0.000  0.410
  2  0.005  0.304  0.000  0.103  0.000  0.000  0.000  0.000  0.000  0.412
  2  0.001  0.308  0.000  0.104  0.000  0.000  0.000  0.000  0.000  0.413
  2  0.000  0.027  0.000  0.386  0.000  0.000  0.000  0.000  0.000  0.414
