ion      s     py     pz     px    dxy    dyz    dz2    dxz    dx2    tot
  2  0.000  0.386  0.000  0.027  0.000  0.000  0.000  0.000  0.000  0.414
  2  0.000  0.311  0.000  0.103  0.000  0.000  0.000  0.000  0.000  0.413
  2  0.000  0.310  0.000  0.103  0.000  0.000  0.000  0.000  0.000  0.413
  2  0.000  0.309  0.000  0.103  0.000  0.000  0.000  0.000  0.000  0.412
  2  0.000  0.308  0.000  0.103  0.000  0.000  0.000  0.000  0.000  0.411
  2  0.000  0.307  0.000  0.102  0.000  0.000  0.000  0.000  0.000  0.409
  2  0.000  0.306  0.000  0.102  0.000  0.000  0.000  0.000  0.000  0.408
  2  0.000  0.305  0.000  0.102  0.000  0.000  0.000  0.000  0.000  0.406
  2  0.000  0.304  0.000  0.101  0.000  0.000  0.000  0.000  0.000  0.405
  2  0.000  0.303  0.000  0.101  0.000  0.000  0.000  0.000  0.000  0.403
  2  0.000  0.302  0.000  0.101  0.000  0.000  0.000  0.000  0.000  0.402
  2  0.000  0.301  0.000  0.100  0.000  0.000  0.000  0.000  0.000  0.401
  2  0.000  0.300  0.000  0.100  0.000  0.000  0.000  0.000  0.000  0.400
  2  0.000  0.299  0.000  0.100  0.000  0.000  0.000  0.000  0.000  0.399
  2  0.000  0.298  0.000  0.099  0.000  0.000  0.000  0.000  0.000  0.398
  2  0.000  0.298  0.000  0.099  0.000  0.000  0.000  0.000  0.000  0.397
  2  0.000  0.297  0.000  0.099  0.000  0.000  0.000  0.000  0.000  0.396
  2  0.000  0.000  0.226  0.000  0.000  0.000  0.000  0.000  0.000  0.226
  2  0.000  0.000  0.228  0.000  0.000  0.000  0.000  0.000  0.000  0.228
  2  0.000  0.000  0.230  0.000  0.000  0.000  0.000  0.000  0.000  0.230
  2  0.000  0.000  0.232  0.000  0.000  0.000  0.000  0.000  0.000  0.232
  2  0.000  0.000  0.234  0.000  0.000  0.000  0.000  0.000  0.000  0.234
  2  0.000  0.000  0.237  0.000  0.000  0.000  0.000  0.000  0.000  0.237
  2  0.000  0.000  0.239  0.000  0.000  0.000  0.000  0.000  0.000  0.239
  2  0.000  0.000  0.243  0.000  0.000  0.000  0.000  0.000  0.000  0.243
  2  0.000  0.000  0.246  0.000  0.000  0.000  0.000  0.000  0.000  0.246
  2  0.000  0.000  0.249  0.000  0.000  0.000  0.000  0.000  0.000  0.249
  2  0.000  0.000  0.253  0.000  0.000  0.000  0.000  0.000  0.000  0.253
  2  0.000  0.000  0.255  0.000  0.000  0.000  0.000  0.000  0.000  0.255
  2  0.000  0.000  0.256  0.000  0.000  0.000  0.000  0.000  0.000  0.256
  2  0.000  0.000  0.256  0.000  0.000  0.000  0.000  0.000  0.000  0.256
  2  0.000  0.000  0.256  0.000  0.000  0.000  0.000  0.000  0.000  0.256
  2  0.000  0.000  0.256  0.000  0.000  0.000  0.000  0.000  0.000  0.256
  2  0.000  0.000  0.256  0.000  0.000  0.000  0.000  0.000  0.000  0.256
  2  0.000  0.000  0.256  0.000  0.000  0.000  0.000  0.000  0.000  0.256
  2  0.000  0.000  0.256  0.000  0.000  0.000  0.000  0.000  0.000  0.256
  2  0.000  0.000  0.256  0.000  0.000  0.000  0.000  0.000  0.000  0.256
  2  0.000  0.000  0.256  0.000  0.000  0.000  0.000  0.000  0.000  0.256
  2  0.000  0.000  0.256  0.000  0.000  0.000  0.000  0.000  0.000  0.256
  2  0.000  0.000  0.257  0.000  0.000  0.000  0.000  0.000  0.000  0.257
  2  0.000  0.000  0.257  0.000  0.000  0.000  0.000  0.000  0.000  0.257
  2  0.000  0.000  0.257  0.000  0.000  0.000  0.000  0.000  0.000  0.257
  2  0.000  0.000  0.257  0.000  0.000  0.000  0.000  0.000  0.000  0.257
  2  0.000  0.000  0.257  0.000  0.000  0.000  0.000  0.000  0.000  0.257
  2  0.000  0.000  0.257  0.000  0.000  0.000  0.000  0.000  0.000  0.257
  2  0.000  0.000  0.258  0.000  0.000  0.000  0.000  0.000  0.000  0.258
  2  0.000  0.000  0.258  0.000  0.000  0.000  0.000  0.000  0.000  0.258
  2  0.000  0.000  0.258  0.000  0.000  0.000  0.000  0.000  0.000  0.258
  2  0.000  0.000  0.258  0.000  0.000  0.000  0.000  0.000  0.000  0.258
  2  0.000  0.000  0.259  0.000  0.000  0.000  0.000  0.000  0.000  0.259
  2  0.000  0.000  0.259  0.000  0.000  0.000  0.000  0.000  0.000  0.259
  2  0.000  0.000  0.259  0.000  0.000  0.000  0.000  0.000  0.000  0.259
  2  0.000  0.000  0.260  0.000  0.000  0.000  0.000  0.000  0.000  0.260
  2  0.000  0.000  0.260  0.000  0.000  0.000  0.000  0.000  0.000  0.260
  2  0.000  0.000  0.260  0.000  0.000  0.000  0.000  0.000  0.000  0.260
  2  0.000  0.000  0.261  0.000  0.000  0.000  0.000  0.000  0.000  0.261
  2  0.000  0.000  0.261  0.000  0.000  0.000  0.000  0.000  0.000  0.261
  2  0.000  0.000  0.262  0.000  0.000  0.000  0.000  0.000  0.000  0.262
  2  0.000  0.000  0.262  0.000  0.000  0.000  0.000  0.000  0.000  0.262
  2  0.000  0.000  0.255  0.000  0.000  0.000  0.000  0.000  0.000  0.255
  2  0.000  0.000  0.255  0.000  0.000  0.000  0.000  0.000  0.000  0.255
  2  0.000  0.000  0.261  0.000  0.000  0.000  0.000  0.000  0.000  0.261
  2  0.000  0.000  0.259  0.000  0.000  0.000  0.000  0.000  0.000  0.259
  2  0.000  0.000  0.256  0.000  0.000  0.000  0.000  0.000  0.000  0.256
  2  0.000  0.000  0.253  0.000  0.000  0.000  0.000  0.000  0.000  0.253
  2  0.000  0.000  0.250  0.000  0.000  0.000  0.000  0.000  0.000  0.250
  2  0.000  0.000  0.246  0.000  0.000  0.000  0.000  0.000  0.000  0.246
  2  0.000  0.000  0.243  0.000  0.000  0.000  0.000  0.000  0.000  0.243
  2  0.000  0.000  0.240  0.000  0.000  0.000  0.000  0.000  0.000  0.240
  2  0.000  0.000  0.238  0.000  0.000  0.000  0.000  0.000  0.000  0.238
  2  0.000  0.000  0.235  0.000  0.000  0.000  0.000  0.000  0.000  0.235
  2  0.000  0.000  0.233  0.000  0.000  0.000  0.000  0.000  0.000  0.233
  2  0.000  0.000  0.230  0.000  0.000  0.000  0.000  0.000  0.000  0.230
  2  0.000  0.000  0.228  0.000  0.000  0.000  0.000  0.000  0.000  0.228
  2  0.000  0.000  0.227  0.000  0.000  0.000  0.000  0.000  0.000  0.227
  2  0.000  0.000  0.225  0.000  0.000  0.000  0.000  0.000  0.000  0.225
  2  0.000  0.000  0.224  0.000  0.000  0.000  0.000  0.000  0.000  0.224
  2  0.008  0.121  0.000  0.254  0.000  0.000  0.000  0.000  0.000  0.383
  2  0.006  0.120  0.000  0.261  0.000  0.000  0.000  0.000  0.000  0.387
  2  0.005  0.119  0.000  0.267  0.000  0.000  0.000  0.000  0.000  0.391
  2  0.003  0.117  0.000  0.274  0.000  0.000  0.000  0.000  0.000  0.394
  2  0.002  0.116  0.000  0.280  0.000  0.000  0.000  0.000  0.000  0.398
  2  0.001  0.114  0.000  0.286  0.000  0.000  0.000  0.000  0.000  0.401
  2  0.001  0.112  0.000  0.292  0.000  0.000  0.000  0.000  0.000  0.404
  2  0.000  0.110  0.000  0.297  0.000  0.000  0.000  0.000  0.000  0.407
  2  0.000  0.108  0.000  0.301  0.000  0.000  0.000  0.000  0.000  0.409
  2  0.000  0.106  0.000  0.305  0.000  0.000  0.000  0.000  0.000  0.411
  2  0.000  0.105  0.000  0.308  0.000  0.000  0.000  0.000  0.000  0.412
  2  0.000  0.104  0.000  0.309  0.000  0.000  0.000  0.000  0.000  0.413
  2  0.000  0.386  0.000  0.027  0.000  0.000  0.000  0.000  0.000  0.414
