ion      s     py     pz     px    dxy    dyz    dz2    dxz    dx2    tot
  2  0.000  0.000  0.003  0.000  0.000  0.000  0.000  0.000  0.000  0.003
  2  0.000  0.000  0.003  0.000  0.000  0.000  0.000  0.000  0.000  0.003
  2  0.000  0.000  0.003  0.000  0.000  0.000  0.000  0.000  0.000  0.003
  2  0.000  0.000  0.003  0.000  0.000  0.000  0.000  0.000  0.000  0.003
  2  0.000  0.000  0.003  0.000  0.000  0.000  0.000  0.000  0.000  0.003
  2  0.000  0.000  0.003  0.000  0.000  0.000  0.000  0.000  0.000  0.003
  2  0.000  0.000  0.003  0.000  0.000  0.000  0.000  0.000  0.000  0.003
  2  0.000  0.000  0.003  0.000  0.000  0.000  0.000  0.000  0.000  0.003
  2  0.000  0.000  0.003  0.000  0.000  0.000  0.000  0.000  0.000  0.003
  2  0.000  0.000  0.003  0.000  0.000  0.000  0.000  0.000  0.000  0.003
  2  0.000  0.000  0.003  0.000  0.000  0.000  0.000  0.000  0.000  0.003
  2  0.000  0.000  0.003  0.000  0.000  0.000  0.000  0.000  0.000  0.003
  2  0.000  0.000  0.003  0.000  0.000  0.000  0.000  0.000  0.000  0.003
  2  0.000  0.000  0.003  0.000  0.000  0.000  0.000  0.000  0.000  0.003
  2  0.000  0.000  0.003  0.000  0.000  0.000  0.000  0.000  0.000  0.003
  2  0.000  0.000  0.009  0.000  0.000  0.000  0.000  0.000  0.000  0.009
  2  0.000  0.000  0.000  0.000  0.000  0.000  0.000  0.000  0.000  0.000
  2  0.000  0.000  0.000  0.000  0.000  0.000  0.000  0.000  0.000  0.000
  2  0.000  0.000  0.000  0.000  0.000  0.000  0.000  0.000  0.000  0.000
  2  0.032  0.004  0.000  0.013  0.000  0.000  0.000  0.000  0.000  0.049
  2  0.000  0.000  0.014  0.000  0.000  0.000  0.000  0.000  0.000  0.014
  2  0.000  0.000  0.014  0.000  0.000  0.000  0.000  0.000  0.000  0.014
  2  0.000  0.000  0.015  0.000  0.000  0.000  0.000  0.000  0.000  0.015
  2  0.000  0.000  0.015  0.000  0.000  0.000  0.000  0.000  0.000  0.015
  2  0.000  0.000  0.016  0.000  0.000  0.000  0.000  0.000  0.000  0.016
  2  0.000  0.000  0.017  0.000  0.000  0.000  0.000  0.000  0.000  0.017
  2  0.000  0.000  0.018  0.000  0.000  0.000  0.000  0.000  0.000  0.018
  2  0.000  0.000  0.020  0.000  0.000  0.000  0.000  0.000  0.000  0.020
  2  0.000  0.000  0.023  0.000  0.000  0.000  0.000  0.000  0.000  0.023
  2  0.002  0.004  0.000  0.012  0.000  0.000  0.000  0.000  0.000  0.018
  2  0.002  0.004  0.000  0.012  0.000  0.000  0.000  0.000  0.000  0.018
  2  0.002  0.004  0.000  0.012  0.000  0.000  0.000  0.000  0.000  0.018
  2  0.002  0.004  0.000  0.012  0.000  0.000  0.000  0.000  0.000  0.018
  2  0.002  0.004  0.000  0.012  0.000  0.000  0.000  0.000  0.000  0.018
  2  0.002  0.004  0.000  0.012  0.000  0.000  0.000  0.000  0.000  0.018
  2  0.002  0.004  0.000  0.012  0.000  0.000  0.000  0.000  0.000  0.018
  2  0.002  0.004  0.000  0.012  0.000  0.000  0.000  0.000  0.000  0.018
  2  0.002  0.004  0.000  0.012  0.000  0.000  0.000  0.000  0.000  0.018
  2  0.002  0.004  0.000  0.013  0.000  0.000  0.000  0.000  0.000  0.019
  2  0.002  0.004  0.000  0.013  0.000  0.000  0.000  0.000  0.000  0.019
  2  0.002  0.004  0.000  0.013  0.000  0.000  0.000  0.000  0.000  0.019
  2  0.002  0.005  0.000  0.013  0.000  0.000  0.000  0.000  0.000  0.020
  2  0.002  0.004  0.002  0.012  0.000  0.000  0.000  0.000  0.000  0.021
  2  0.001  0.002  0.030  0.004  0.000  0.000  0.000  0.000  0.000  0.037
  2  0.000  0.000  0.041  0.000  0.000  0.000  0.000  0.000  0.000  0.042
  2  0.002  0.010  0.000  0.020  0.000  0.000  0.000  0.000  0.000  0.031
  2  0.000  0.015  0.000  0.026  0.000  0.000  0.000  0.000  0.000  0.041
  2  0.001  0.016  0.000  0.020  0.000  0.000  0.000  0.000  0.000  0.037
  2  0.001  0.019  0.000  0.017  0.000  0.000  0.000  0.000  0.000  0.037
  2  0.000  0.019  0.000  0.024  0.000  0.000  0.000  0.000  0.000  0.043
  2  0.000  0.020  0.000  0.026  0.000  0.000  0.000  0.000  0.000  0.046
  2  0.000  0.023  0.000  0.027  0.000  0.000  0.000  0.000  0.000  0.050
  2  0.000  0.023  0.000  0.028  0.000  0.000  0.000  0.000  0.000  0.052
  2  0.005  0.034  0.000  0.035  0.000  0.000  0.000  0.000  0.000  0.074
  2  0.021  0.051  0.000  0.066  0.000  0.000  0.000  0.000  0.000  0.139
  2  0.019  0.053  0.000  0.065  0.000  0.000  0.000  0.000  0.000  0.137
  2  0.017  0.055  0.000  0.068  0.000  0.000  0.000  0.000  0.000  0.140
  2  0.015  0.054  0.000  0.069  0.000  0.000  0.000  0.000  0.000  0.138
  2  0.014  0.058  0.000  0.067  0.000  0.000  0.000  0.000  0.000  0.139
  2  0.011  0.052  0.000  0.062  0.000  0.000  0.000  0.000  0.000  0.125
  2  0.020  0.009  0.000  0.008  0.000  0.000  0.000  0.000  0.000  0.037
  2  0.019  0.069  0.000  0.082  0.000  0.000  0.000  0.000  0.000  0.169
  2  0.031  0.081  0.000  0.092  0.000  0.000  0.000  0.000  0.000  0.205
  2  0.000  0.000  0.002  0.001  0.000  0.000  0.000  0.000  0.000  0.003
  2  0.000  0.000  0.000  0.000  0.000  0.000  0.000  0.000  0.000  0.001
  2  0.000  0.000  0.000  0.000  0.000  0.000  0.000  0.000  0.000  0.000
  2  0.000  0.000  0.000  0.000  0.000  0.000  0.000  0.000  0.000  0.000
  2  0.000  0.000  0.000  0.000  0.000  0.000  0.000  0.000  0.000  0.000
  2  0.000  0.000  0.000  0.000  0.000  0.000  0.000  0.000  0.000  0.000
  2  0.000  0.000  0.000  0.000  0.000  0.000  0.000  0.000  0.000  0.000
  2  0.000  0.000  0.000  0.000  0.000  0.000  0.000  0.000  0.000  0.000
  2  0.000  0.000  0.000  0.000  0.000  0.000  0.000  0.000  0.000  0.000
  2  0.000  0.000  0.000  0.000  0.000  0.000  0.000  0.000  0.000  0.000
  2  0.000  0.000  0.000  0.000  0.000  0.000  0.000  0.000  0.000  0.000
  2  0.000  0.000  0.000  0.000  0.000  0.000  0.000  0.000  0.000  0.000
  2  0.000  0.000  0.000  0.000  0.000  0.000  0.000  0.000  0.000  0.000
  2  0.000  0.000  0.003  0.000  0.000  0.000  0.000  0.000  0.000  0.003
  2  0.000  0.000  0.003  0.000  0.000  0.000  0.000  0.000  0.000  0.003
  2  0.000  0.000  0.003  0.000  0.000  0.000  0.000  0.000  0.000  0.003
  2  0.000  0.000  0.003  0.000  0.000  0.000  0.000  0.000  0.000  0.003
  2  0.000  0.000  0.003  0.000  0.000  0.000  0.000  0.000  0.000  0.003
  2  0.000  0.000  0.003  0.000  0.000  0.000  0.000  0.000  0.000  0.003
  2  0.000  0.000  0.003  0.000  0.000  0.000  0.000  0.000  0.000  0.003
  2  0.000  0.000  0.003  0.000  0.000  0.000  0.000  0.000  0.000  0.003
  2  0.000  0.000  0.003  0.000  0.000  0.000  0.000  0.000  0.000  0.003
  2  0.000  0.000  0.003  0.000  0.000  0.000  0.000  0.000  0.000  0.003
  2  0.000  0.000  0.003  0.000  0.000  0.000  0.000  0.000  0.000  0.003
  2  0.000  0.000  0.003  0.000  0.000  0.000  0.000  0.000  0.000  0.003
  2  0.000  0.000  0.003  0.000  0.000  0.000  0.000  0.000  0.000  0.003
  2  0.000  0.000  0.003  0.000  0.000  0.000  0.000  0.000  0.000  0.003
