ion      s     py     pz     px    dxy    dyz    dz2    dxz    dx2    tot
  2  0.010  0.000  0.000  0.000  0.000  0.000  0.000  0.000  0.000  0.010
  2  0.010  0.000  0.000  0.000  0.000  0.000  0.000  0.000  0.000  0.010
  2  0.010  0.000  0.000  0.000  0.000  0.000  0.000  0.000  0.000  0.010
  2  0.010  0.000  0.000  0.000  0.000  0.000  0.000  0.000  0.000  0.010
  2  0.010  0.000  0.000  0.000  0.000  0.000  0.000  0.000  0.000  0.010
  2  0.009  0.000  0.000  0.000  0.000  0.000  0.000  0.000  0.000  0.010
  2  0.009  0.000  0.000  0.001  0.000  0.000  0.000  0.000  0.000  0.010
  2  0.009  0.000  0.000  0.001  0.000  0.000  0.000  0.000  0.000  0.010
  2  0.009  0.000  0.000  0.001  0.000  0.000  0.000  0.000  0.000  0.010
  2  0.009  0.000  0.000  0.001  0.000  0.000  0.000  0.000  0.000  0.010
  2  0.009  0.000  0.000  0.001  0.000  0.000  0.000  0.000  0.000  0.010
  2  0.008  0.001  0.000  0.002  0.000  0.000  0.000  0.000  0.000  0.011
  2  0.008  0.001  0.000  0.002  0.000  0.000  0.000  0.000  0.000  0.011
  2  0.008  0.001  0.000  0.002  0.000  0.000  0.000  0.000  0.000  0.011
  2  0.007  0.001  0.000  0.003  0.000  0.000  0.000  0.000  0.000  0.011
  2  0.007  0.001  0.000  0.003  0.000  0.000  0.000  0.000  0.000  0.011
  2  0.007  0.001  0.000  0.004  0.000  0.000  0.000  0.000  0.000  0.012
  2  0.006  0.002  0.000  0.005  0.000  0.000  0.000  0.000  0.000  0.012
  2  0.000  0.000  0.276  0.000  0.000  0.000  0.000  0.000  0.000  0.276
  2  0.000  0.000  0.272  0.000  0.000  0.000  0.000  0.000  0.000  0.272
  2  0.000  0.000  0.267  0.000  0.000  0.000  0.000  0.000  0.000  0.267
  2  0.000  0.000  0.261  0.000  0.000  0.000  0.000  0.000  0.000  0.261
  2  0.000  0.000  0.255  0.000  0.000  0.000  0.000  0.000  0.000  0.255
  2  0.000  0.000  0.249  0.000  0.000  0.000  0.000  0.000  0.000  0.249
  2  0.000  0.000  0.244  0.000  0.000  0.000  0.000  0.000  0.000  0.244
  2  0.000  0.000  0.238  0.000  0.000  0.000  0.000  0.000  0.000  0.238
  2  0.000  0.000  0.233  0.000  0.000  0.000  0.000  0.000  0.000  0.233
  2  0.000  0.000  0.229  0.000  0.000  0.000  0.000  0.000  0.000  0.229
  2  0.000  0.000  0.226  0.000  0.000  0.000  0.000  0.000  0.000  0.226
  2  0.000  0.000  0.225  0.000  0.000  0.000  0.000  0.000  0.000  0.225
  2  0.000  0.000  0.225  0.000  0.000  0.000  0.000  0.000  0.000  0.225
  2  0.000  0.000  0.225  0.000  0.000  0.000  0.000  0.000  0.000  0.225
  2  0.000  0.000  0.225  0.000  0.000  0.000  0.000  0.000  0.000  0.225
  2  0.000  0.000  0.226  0.000  0.000  0.000  0.000  0.000  0.000  0.226
  2  0.000  0.000  0.226  0.000  0.000  0.000  0.000  0.000  0.000  0.226
  2  0.000  0.000  0.227  0.000  0.000  0.000  0.000  0.000  0.000  0.227
  2  0.000  0.000  0.228  0.000  0.000  0.000  0.000  0.000  0.000  0.228
  2  0.000  0.000  0.230  0.000  0.000  0.000  0.000  0.000  0.000  0.230
  2  0.000  0.000  0.231  0.000  0.000  0.000  0.000  0.000  0.000  0.231
  2  0.000  0.000  0.233  0.000  0.000  0.000  0.000  0.000  0.000  0.233
  2  0.000  0.000  0.235  0.000  0.000  0.000  0.000  0.000  0.000  0.235
  2  0.000  0.000  0.237  0.000  0.000  0.000  0.000  0.000  0.000  0.237
  2  0.000  0.000  0.239  0.000  0.000  0.000  0.000  0.000  0.000  0.239
  2  0.000  0.000  0.241  0.000  0.000  0.000  0.000  0.000  0.000  0.241
  2  0.000  0.000  0.244  0.000  0.000  0.000  0.000  0.000  0.000  0.244
  2  0.000  0.000  0.246  0.000  0.000  0.000  0.000  0.000  0.000  0.246
  2  0.000  0.000  0.249  0.000  0.000  0.000  0.000  0.000  0.000  0.249
  2  0.000  0.000  0.251  0.000  0.000  0.000  0.000  0.000  0.000  0.251
  2  0.000  0.000  0.253  0.000  0.000  0.000  0.000  0.000  0.000  0.253
  2  0.000  0.000  0.255  0.000  0.000  0.000  0.000  0.000  0.000  0.255
  2  0.000  0.000  0.257  0.000  0.000  0.000  0.000  0.000  0.000  0.257
  2  0.000  0.000  0.259  0.000  0.000  0.000  0.000  0.000  0.000  0.259
  2  0.000  0.000  0.260  0.000  0.000  0.000  0.000  0.000  0.000  0.260
  2  0.000  0.000  0.262  0.000  0.000  0.000  0.000  0.000  0.000  0.262
  2  0.000  0.000  0.262  0.000  0.000  0.000  0.000  0.000  0.000  0.262
  2  0.000  0.000  0.263  0.000  0.000  0.000  0.000  0.000  0.000  0.263
  2  0.000  0.000  0.264  0.000  0.000  0.000  0.000  0.000  0.000  0.264
  2  0.000  0.000  0.264  0.000  0.000  0.000  0.000  0.000  0.000  0.264
  2  0.000  0.000  0.263  0.000  0.000  0.000  0.000  0.000  0.000  0.263
  2  0.000  0.000  0.271  0.000  0.000  0.000  0.000  0.000  0.000  0.271
  2  0.000  0.000  0.271  0.000  0.000  0.000  0.000  0.000  0.000  0.271
  2  0.000  0.000  0.264  0.000  0.000  0.000  0.000  0.000  0.000  0.264
  2  0.000  0.000  0.266  0.000  0.000  0.000  0.000  0.000  0.000  0.266
  2  0.000  0.000  0.267  0.000  0.000  0.000  0.000  0.000  0.000  0.267
  2  0.000  0.000  0.269  0.000  0.000  0.000  0.000  0.000  0.000  0.269
  2  0.000  0.000  0.271  0.000  0.000  0.000  0.000  0.000  0.000  0.271
  2  0.000  0.000  0.273  0.000  0.000  0.000  0.000  0.000  0.000  0.273
  2  0.000  0.000  0.276  0.000  0.000  0.000  0.000  0.000  0.000  0.276
  2  0.000  0.000  0.278  0.000  0.000  0.000  0.000  0.000  0.000  0.278
  2  0.000  0.000  0.282  0.000  0.000  0.000  0.000  0.000  0.000  0.282
  2  0.000  0.000  0.285  0.000  0.000  0.000  0.000  0.000  0.000  0.285
  2  0.000  0.000  0.289  0.000  0.000  0.000  0.000  0.000  0.000  0.289
  2  0.000  0.000  0.293  0.000  0.000  0.000  0.000  0.000  0.000  0.293
  2  0.000  0.000  0.298  0.000  0.000  0.000  0.000  0.000  0.000  0.298
  2  0.007  0.003  0.000  0.001  0.000  0.000  0.000  0.000  0.000  0.012
  2  0.007  0.003  0.000  0.001  0.000  0.000  0.000  0.000  0.000  0.011
  2  0.008  0.003  0.000  0.001  0.000  0.000  0.000  0.000  0.000  0.011
  2  0.008  0.002  0.000  0.001  0.000  0.000  0.000  0.000  0.000  0.011
  2  0.008  0.002  0.000  0.001  0.000  0.000  0.000  0.000  0.000  0.011
  2  0.008  0.002  0.000  0.001  0.000  0.000  0.000  0.000  0.000  0.011
  2  0.009  0.001  0.000  0.001  0.000  0.000  0.000  0.000  0.000  0.010
  2  0.009  0.001  0.000  0.000  0.000  0.000  0.000  0.000  0.000  0.010
  2  0.009  0.001  0.000  0.000  0.000  0.000  0.000  0.000  0.000  0.010
  2  0.009  0.001  0.000  0.000  0.000  0.000  0.000  0.000  0.000  0.010
  2  0.009  0.000  0.000  0.000  0.000  0.000  0.000  0.000  0.000  0.010
  2  0.010  0.000  0.000  0.000  0.000  0.000  0.000  0.000  0.000  0.010
  2  0.010  0.000  0.000  0.000  0.000  0.000  0.000  0.000  0.000  0.010
  2  0.010  0.000  0.000  0.000  0.000  0.000  0.000  0.000  0.000  0.010
  2  0.010  0.000  0.000  0.000  0.000  0.000  0.000  0.000  0.000  0.010
  2  0.010  0.000  0.000  0.000  0.000  0.000  0.000  0.000  0.000  0.010
