ion      s     py     pz     px    dxy    dyz    dz2    dxz    dx2    tot
  2  0.000  0.000  0.000  0.000  0.000  0.000  0.000  0.000  0.000  0.000
  2  0.000  0.000  0.000  0.000  0.000  0.000  0.000  0.000  0.000  0.000
  2  0.000  0.000  0.000  0.000  0.000  0.000  0.000  0.000  0.000  0.000
  2  0.000  0.000  0.000  0.000  0.000  0.000  0.000  0.000  0.000  0.000
  2  0.000  0.000  0.000  0.000  0.000  0.000  0.000  0.000  0.000  0.000
  2  0.000  0.000  0.000  0.000  0.000  0.000  0.000  0.000  0.000  0.000
  2  0.000  0.000  0.000  0.000  0.000  0.000  0.000  0.000  0.000  0.000
  2  0.000  0.000  0.000  0.000  0.000  0.000  0.000  0.000  0.000  0.000
  2  0.000  0.000  0.000  0.000  0.000  0.000  0.000  0.000  0.000  0.000
  2  0.000  0.000  0.000  0.000  0.000  0.000  0.000  0.000  0.000  0.000
  2  0.000  0.000  0.000  0.000  0.000  0.000  0.000  0.000  0.000  0.000
  2  0.000  0.000  0.000  0.000  0.000  0.000  0.000  0.000  0.000  0.000
  2  0.000  0.000  0.000  0.000  0.000  0.000  0.000  0.000  0.000  0.000
  2  0.000  0.000  0.000  0.000  0.000  0.000  0.000  0.000  0.000  0.000
  2  0.000  0.000  0.000  0.000  0.000  0.000  0.000  0.000  0.000  0.000
  2  0.000  0.000  0.000  0.000  0.000  0.000  0.000  0.000  0.000  0.000
  2  0.000  0.000  0.164  0.000  0.000  0.000  0.000  0.000  0.000  0.164
  2  0.000  0.000  0.024  0.000  0.000  0.000  0.000  0.000  0.000  0.024
  2  0.000  0.000  0.016  0.000  0.000  0.000  0.000  0.000  0.000  0.016
  2  0.000  0.000  0.014  0.000  0.000  0.000  0.000  0.000  0.000  0.014
  2  0.159  0.015  0.000  0.045  0.000  0.000  0.000  0.000  0.000  0.219
  2  0.143  0.009  0.000  0.026  0.000  0.000  0.000  0.000  0.000  0.178
  2  0.034  0.000  0.000  0.000  0.000  0.000  0.000  0.000  0.000  0.034
  2  0.014  0.001  0.000  0.002  0.000  0.000  0.000  0.000  0.000  0.017
  2  0.009  0.001  0.000  0.004  0.000  0.000  0.000  0.000  0.000  0.014
  2  0.007  0.002  0.000  0.005  0.000  0.000  0.000  0.000  0.000  0.014
  2  0.006  0.002  0.000  0.007  0.000  0.000  0.000  0.000  0.000  0.015
  2  0.005  0.003  0.000  0.008  0.000  0.000  0.000  0.000  0.000  0.016
  2  0.004  0.003  0.000  0.009  0.000  0.000  0.000  0.000  0.000  0.017
  2  0.005  0.004  0.000  0.011  0.000  0.000  0.000  0.000  0.000  0.019
  2  0.005  0.004  0.000  0.011  0.000  0.000  0.000  0.000  0.000  0.019
  2  0.005  0.004  0.000  0.011  0.000  0.000  0.000  0.000  0.000  0.019
  2  0.004  0.004  0.000  0.011  0.000  0.000  0.000  0.000  0.000  0.019
  2  0.004  0.004  0.000  0.011  0.000  0.000  0.000  0.000  0.000  0.019
  2  0.004  0.004  0.000  0.011  0.000  0.000  0.000  0.000  0.000  0.019
  2  0.004  0.004  0.000  0.011  0.000  0.000  0.000  0.000  0.000  0.020
  2  0.004  0.005  0.000  0.012  0.000  0.000  0.000  0.000  0.000  0.020
  2  0.004  0.005  0.000  0.012  0.000  0.000  0.000  0.000  0.000  0.021
  2  0.004  0.005  0.000  0.012  0.000  0.000  0.000  0.000  0.000  0.021
  2  0.003  0.006  0.000  0.013  0.000  0.000  0.000  0.000  0.000  0.022
  2  0.003  0.007  0.000  0.013  0.000  0.000  0.000  0.000  0.000  0.023
  2  0.003  0.007  0.000  0.014  0.000  0.000  0.000  0.000  0.000  0.024
  2  0.003  0.008  0.000  0.015  0.000  0.000  0.000  0.000  0.000  0.026
  2  0.002  0.009  0.000  0.015  0.000  0.000  0.000  0.000  0.000  0.027
  2  0.002  0.010  0.000  0.016  0.000  0.000  0.000  0.000  0.000  0.028
  2  0.000  0.000  0.040  0.000  0.000  0.000  0.000  0.000  0.000  0.040
  2  0.000  0.000  0.036  0.000  0.000  0.000  0.000  0.000  0.000  0.036
  2  0.000  0.000  0.032  0.000  0.000  0.000  0.000  0.000  0.000  0.032
  2  0.000  0.000  0.028  0.000  0.000  0.000  0.000  0.000  0.000  0.028
  2  0.096  0.096  0.000  0.064  0.000  0.000  0.000  0.000  0.000  0.256
  2  0.087  0.100  0.000  0.067  0.000  0.000  0.000  0.000  0.000  0.254
  2  0.076  0.101  0.000  0.071  0.000  0.000  0.000  0.000  0.000  0.248
  2  0.060  0.101  0.000  0.074  0.000  0.000  0.000  0.000  0.000  0.235
  2  0.039  0.077  0.000  0.075  0.000  0.000  0.000  0.000  0.000  0.191
  2  0.001  0.035  0.000  0.037  0.000  0.000  0.000  0.000  0.000  0.072
  2  0.001  0.038  0.000  0.040  0.000  0.000  0.000  0.000  0.000  0.080
  2  0.003  0.045  0.000  0.045  0.000  0.000  0.000  0.000  0.000  0.092
  2  0.004  0.051  0.000  0.050  0.000  0.000  0.000  0.000  0.000  0.105
  2  0.007  0.056  0.000  0.055  0.000  0.000  0.000  0.000  0.000  0.117
  2  0.010  0.063  0.000  0.064  0.000  0.000  0.000  0.000  0.000  0.137
  2  0.001  0.112  0.000  0.112  0.000  0.000  0.000  0.000  0.000  0.226
  2  0.003  0.048  0.000  0.035  0.000  0.000  0.000  0.000  0.000  0.086
  2  0.000  0.032  0.000  0.019  0.000  0.000  0.000  0.000  0.000  0.052
  2  0.000  0.023  0.000  0.012  0.000  0.000  0.000  0.000  0.000  0.035
  2  0.001  0.017  0.000  0.008  0.000  0.000  0.000  0.000  0.000  0.026
  2  0.000  0.000  0.021  0.000  0.000  0.000  0.000  0.000  0.000  0.021
  2  0.000  0.000  0.023  0.000  0.000  0.000  0.000  0.000  0.000  0.023
  2  0.000  0.000  0.021  0.000  0.000  0.000  0.000  0.000  0.000  0.021
  2  0.000  0.000  0.018  0.000  0.000  0.000  0.000  0.000  0.000  0.018
  2  0.000  0.000  0.016  0.000  0.000  0.000  0.000  0.000  0.000  0.016
  2  0.000  0.000  0.015  0.000  0.000  0.000  0.000  0.000  0.000  0.015
  2  0.000  0.000  0.014  0.000  0.000  0.000  0.000  0.000  0.000  0.014
  2  0.000  0.000  0.013  0.000  0.000  0.000  0.000  0.000  0.000  0.013
  2  0.000  0.000  0.012  0.000  0.000  0.000  0.000  0.000  0.000  0.012
  2  0.000  0.000  0.012  0.000  0.000  0.000  0.000  0.000  0.000  0.012
  2  0.000  0.000  0.310  0.000  0.000  0.000  0.000  0.000  0.000  0.310
  2  0.000  0.000  0.000  0.000  0.000  0.000  0.000  0.000  0.000  0.000
  2  0.000  0.000  0.000  0.000  0.000  0.000  0.000  0.000  0.000  0.000
  2  0.000  0.000  0.000  0.000  0.000  0.000  0.000  0.000  0.000  0.000
  2  0.000  0.000  0.000  0.000  0.000  0.000  0.000  0.000  0.000  0.000
  2  0.000  0.000  0.000  0.000  0.000  0.000  0.000  0.000  0.000  0.000
  2  0.000  0.000  0.000  0.000  0.000  0.000  0.000  0.000  0.000  0.000
  2  0.000  0.000  0.000  0.000  0.000  0.000  0.000  0.000  0.000  0.000
  2  0.000  0.000  0.000  0.000  0.000  0.000  0.000  0.000  0.000  0.000
  2  0.000  0.000  0.000  0.000  0.000  0.000  0.000  0.000  0.000  0.000
  2  0.000  0.000  0.000  0.000  0.000  0.000  0.000  0.000  0.000  0.000
  2  0.000  0.000  0.000  0.000  0.000  0.000  0.000  0.000  0.000  0.000
  2  0.000  0.000  0.000  0.000  0.000  0.000  0.000  0.000  0.000  0.000
  2  0.000  0.000  0.000  0.000  0.000  0.000  0.000  0.000  0.000  0.000
  2  0.000  0.000  0.000  0.000  0.000  0.000  0.000  0.000  0.000  0.000
